1.0,0.0,0.0,0.0,1.0,0.0,0.0,0.0,1.0,0.1992,0.0,0.7535000000000001,0
1.0,0.0,0.0,0.0,1.0,0.0,0.0,0.0,1.0,0.1992004429906965,0.0,0.7535002279218073,0
0.9999999999756326,0.0,6.981035678945174e-06,0.0,1.0,0.0,-6.981035678945174e-06,0.0,0.9999999999756326,0.19920352613520553,0.0,0.753501814205624,0
0.9999999997252269,0.0,2.3442400335957595e-05,0.0,1.0,0.0,-2.3442400335957595e-05,0.0,0.9999999997252269,0.19921184085384702,0.0,0.7535060920264742,0
0.9999999984716841,0.0,5.528681409355576e-05,0.0,1.0,0.0,-5.528681409355576e-05,0.0,0.9999999984716841,0.19922792582836346,0.0,0.7535143670574261,0
0.9999999942287566,0.0,0.00010743596518739601,0.0,1.0,0.0,-0.00010743596518739601,0.0,0.9999999942287566,0.19925426752512973,0.0,0.7535279173339602,0
0.9999999829414304,0.0,0.0001847082532750148,0.0,1.0,0.0,-0.0001847082532750148,0.0,0.9999999829414304,0.19929330077697224,0.0,0.7535479930041865,0
0.9999999574206893,0.0,0.00029181949863410733,0.0,1.0,0.0,-0.00029181949863410733,0.0,0.9999999574206893,0.1993474094182171,0.0,0.7535758159750979,0
0.9999999060893012,0.0,0.0004333836506149467,0.0,1.0,0.0,-0.0004333836506149467,0.0,0.9999999060893012,0.1994189269684728,0.0,0.753612579463177,0
0.9999998115550927,0.0,0.0006139134948735755,0.0,1.0,0.0,-0.0006139134948735755,0.0,0.9999998115550927,0.1995101373606292,0.0,0.7536594474575491,0
0.9999996490276238,0.0,0.0008378213587626534,0.0,1.0,0.0,-0.0008378213587626534,0.0,0.9999996490276238,0.19962327570862257,0.0,0.7537175541035596,0
0.9999993845936487,0.0,0.00110941981409766,0.0,1.0,0.0,-0.00110941981409766,0.0,0.9999993845936487,0.19976052911057374,0.0,0.7537880030143395,0
0.9999989733662047,0.0,0.0014329223763511283,0.0,1.0,0.0,-0.0014329223763511283,0.0,0.9999989733662047,0.1999240374829627,0.0,0.7538718665176144,0
0.9999983575216636,0.0,0.001812444199160024,0.0,1.0,0.0,-0.001812444199160024,0.0,0.9999983575216636,0.2001158944215525,0.0,0.753970184844704,0
0.999997464238563,0.0,0.002252002762864261,0.0,1.0,0.0,-0.002252002762864261,0.0,0.999997464238563,0.20033814808482336,0.0,0.7540839652683593,0
0.9999962035515383,0.0,0.0027555185556303874,0.0,1.0,0.0,-0.0027555185556303874,0.0,0.9999962035515383,0.2005928020957248,0.0,0.7542141811957904,0
0.9999944661331858,0.0,0.003326815745556136,0.0,1.0,0.0,-0.003326815745556136,0.0,0.9999944661331858,0.20088181645760164,0.0,0.7543617712229485,0
0.9999921210162069,0.0,0.003969622842000903,0.0,1.0,0.0,-0.003969622842000903,0.0,0.9999921210162069,0.20120710848019735,0.0,0.7545276381558433,0
0.999989013267717,0.0,0.004687573344246411,0.0,1.0,0.0,-0.004687573344246411,0.0,0.999989013267717,0.2015705537116895,0.0,0.7547126480044073,0
0.9999849616271393,0.0,0.0054842063754623116,0.0,1.0,0.0,-0.0054842063754623116,0.0,0.9999849616271393,0.20197398687276583,0.0,0.754917628954146,0
0.9999797561186633,0.0,0.0063629672998350316,0.0,1.0,0.0,-0.0063629672998350316,0.0,0.9999797561186633,0.20241920278880657,0.0,0.7551433703205673,0
0.9999731556488035,0.0,0.007327208320615768,0.0,1.0,0.0,-0.007327208320615768,0.0,0.9999731556488035,0.20290795731630068,0.0,0.7553906214911247,0
0.999964885599176,0.0,0.008380189056756608,0.0,1.0,0.0,-0.008380189056756608,0.0,0.999964885599176,0.20344196825969008,0.0,0.7556600908591808,0
0.9999546354241878,0.0,0.009525077095732819,0.0,1.0,0.0,-0.009525077095732819,0.0,0.9999546354241878,0.20402291627490857,0.0,0.7559524447542653,0
0.9999420562629415,0.0,0.01076494852009566,0.0,1.0,0.0,-0.01076494852009566,0.0,0.9999420562629415,0.20465244575595776,0.0,0.7562683063726829,0
0.9999267585742555,0.0,0.012102788405263522,0.0,1.0,0.0,-0.012102788405263522,0.0,0.9999267585742555,0.2053321657009483,0.0,0.7566082547123264,0
0.999908309803329,0.0,0.013541491286041032,0.0,1.0,0.0,-0.013541491286041032,0.0,0.999908309803329,0.20606365055412176,0.0,0.756972823515343,0
0.9998862320882077,0.0,0.015083861589355521,0.0,1.0,0.0,-0.015083861589355521,0.0,0.9998862320882077,0.2068484410204654,0.0,0.7573625002221276,0
0.9998600000138514,0.0,0.0167326140307186,0.0,1.0,0.0,-0.0167326140307186,0.0,0.9998600000138514,0.20768804484963407,0.0,0.7577777249399303,0
0.9998290384212579,0.0,0.018490373971957356,0.0,1.0,0.0,-0.018490373971957356,0.0,0.9998290384212579,0.20858393758600108,0.0,0.7582188894292102,0
0.9997927202787648,0.0,0.020359677737814885,0.0,1.0,0.0,-0.020359677737814885,0.0,0.9997927202787648,0.20953756328177553,0.0,0.7586863361107041,0
0.9997503646223277,0.0,0.02234297288909322,0.0,1.0,0.0,-0.02234297288909322,0.0,0.9997503646223277,0.21055033517024344,0.0,0.7591803570960429,0
0.9997012345712606,0.0,0.02444261845010303,0.0,1.0,0.0,-0.02444261845010303,0.0,0.9997012345712606,0.21162363629631858,0.0,0.7597011932446093,0
0.9996445354256226,0.0,0.0266608850882936,0.0,1.0,0.0,-0.0266608850882936,0.0,0.9996445354256226,0.21275882010172104,0.0,0.7602490332492072,0
0.9995794128511463,0.0,0.02899995524406255,0.0,1.0,0.0,-0.02899995524406255,0.0,0.9995794128511463,0.21395721096224155,0.0,0.7608240127530022,0
0.9995049511573207,0.0,0.031461923208887646,0.0,1.0,0.0,-0.031461923208887646,0.0,0.9995049511573207,0.21522010467469438,0.0,0.7614262135000834,0
0.99942017167397,0.0,0.03404879515008202,0.0,1.0,0.0,-0.03404879515008202,0.0,0.99942017167397,0.21654876889131294,0.0,0.7620556625219057,0
0.9993240312314096,0.0,0.03676248908064845,0.0,1.0,0.0,-0.03676248908064845,0.0,0.9993240312314096,0.21794444349949696,0.0,0.7627123313617801,0
0.9992154207490052,0.0,0.039604834772897196,0.0,1.0,0.0,-0.039604834772897196,0.0,0.9992154207490052,0.2194083409449835,0.0,0.7633961353395049,0
0.9990931639367198,0.0,0.04257757361469602,0.0,1.0,0.0,-0.04257757361469602,0.0,0.9990931639367198,0.22094164649667794,0.0,0.7641069328581577,0
0.9989560161139902,0.0,0.04568235840743593,0.0,1.0,0.0,-0.04568235840743593,0.0,0.9989560161139902,0.2225455184515545,0.0,0.7648445247550048,0
0.9988026631500524,0.0,0.048920753105026624,0.0,1.0,0.0,-0.048920753105026624,0.0,0.9988026631500524,0.2242210882782086,0.0,0.7656086536984288,0
0.9986317205296047,0.0,0.05229423249347495,0.0,1.0,0.0,-0.05229423249347495,0.0,0.9986317205296047,0.2259694606978252,0.0,0.7663990036327237,0
0.9984417325474839,0.0,0.055804181810851235,0.0,1.0,0.0,-0.055804181810851235,0.0,0.9984417325474839,0.2277917137015094,0.0,0.7672151992725623,0
0.9982311716358178,0.0,0.059451896307709064,0.0,1.0,0.0,-0.059451896307709064,0.0,0.9982311716358178,0.2296888985031124,0.0,0.7680568056489029,0
0.9979984378269044,0.0,0.06323858074829349,0.0,1.0,0.0,-0.06323858074829349,0.0,0.9979984378269044,0.2316620394268768,0.0,0.768923327708064,0
0.9977418583548725,0.0,0.0671653488531508,0.0,1.0,0.0,-0.0671653488531508,0.0,0.9977418583548725,0.2337121337294183,0.0,0.7698142099656695,0
0.9974596873989678,0.0,0.07123322268403591,0.0,1.0,0.0,-0.07123322268403591,0.0,0.9974596873989678,0.23584015135575553,0.0,0.7707288362171326,0
0.9971501059711168,0.0,0.07544313197230462,0.0,1.0,0.0,-0.07544313197230462,0.0,0.9971501059711168,0.23804703462930038,0.0,0.7716665293063284,0
0.9968112219502211,0.0,0.07979591339227228,0.0,1.0,0.0,-0.07979591339227228,0.0,0.9968112219502211,0.24033369787591793,0.0,0.772626550954078,0
0.9964410702654374,0.0,0.08429230978131859,0.0,1.0,0.0,-0.08429230978131859,0.0,0.9964410702654374,0.24270102698237037,0.0,0.7736081016480452,0
0.9960376132305027,0.0,0.08893296930882008,0.0,1.0,0.0,-0.08893296930882008,0.0,0.9960376132305027,0.24514987888965994,0.0,0.774610320595629,0
0.9955987410309695,0.0,0.09371844459629357,0.0,1.0,0.0,-0.09371844459629357,0.0,0.9955987410309695,0.24768108102199068,0.0,0.7756322857414109,0
0.9951222723660124,0.0,0.09864919179143836,0.0,1.0,0.0,-0.09864919179143836,0.0,0.9951222723660124,0.25029543065227466,0.0,0.776673013850696,0
0.994605955246272,0.0,0.10372556959906569,0.0,1.0,0.0,-0.10372556959906569,0.0,0.994605955246272,0.2529936942053114,0.0,0.777731460660665,0
0.9940474679489975,0.0,0.108947838272207,0.0,1.0,0.0,-0.108947838272207,0.0,0.9940474679489975,0.25577660649997486,0.0,0.7788065211006283,0
0.9934444201315376,0.0,0.11431615856698932,0.0,1.0,0.0,-0.11431615856698932,0.0,0.9934444201315376,0.25864486993194774,0.0,0.7798970295828475,0
0.9927943541040304,0.0,0.11983059066516011,0.0,1.0,0.0,-0.11983059066516011,0.0,0.9927943541040304,0.2615991535987438,0.0,0.7810017603653593,0
0.992094746261913,0.0,0.12549109306843473,0.0,1.0,0.0,-0.12549109306843473,0.0,0.992094746261913,0.2646400923689636,0.0,0.7821194279882036,0
0.991343008678664,0.0,0.1312975214691211,0.0,1.0,0.0,-0.1312975214691211,0.0,0.991343008678664,0.2677682858979269,0.0,0.7832486877844194,0
0.9905364908589587,0.0,0.1372496276017537,0.0,1.0,0.0,-0.1372496276017537,0.0,0.9905364908589587,0.2709842975920251,0.0,0.7843881364671305,0
0.989672481652187,0.0,0.14334705808073506,0.0,1.0,0.0,-0.14334705808073506,0.0,0.989672481652187,0.2742886535243315,0.0,0.7855363127939935,0
0.9887482113260466,0.0,0.1495893532292438,0.0,1.0,0.0,-0.1495893532292438,0.0,0.9887482113260466,0.2776818413042002,0.0,0.7866916983102318,0
0.9877608537996774,0.0,0.15597594590491312,0.0,1.0,0.0,-0.15597594590491312,0.0,0.9877608537996774,0.28116430890377214,0.0,0.787852718171413,0
0.9867075290355509,0.0,0.16250616032802398,0.0,1.0,0.0,-0.16250616032802398,0.0,0.9867075290355509,0.28473646344449455,0.0,0.7890177420470688,0
0.9855853055890713,0.0,0.1691792109181769,0.0,1.0,0.0,-0.1691792109181769,0.0,0.9855853055890713,0.28839866994693775,0.0,0.7901850851061771,0
0.9843912033145739,0.0,0.1759942011456207,0.0,1.0,0.0,-0.1759942011456207,0.0,0.9843912033145739,0.29215125004736986,0.0,0.7913530090854513,0
0.9831221962261376,0.0,0.18295012240360953,0.0,1.0,0.0,-0.18295012240360953,0.0,0.9831221962261376,0.2959944806847209,0.0,0.7925197234412892,0
0.9817752155113415,0.0,0.19004585290834136,0.0,1.0,0.0,-0.19004585290834136,0.0,0.9817752155113415,0.29992859276173156,0.0,0.7936833865861437,0
0.9803471526958104,0.0,0.19728015663319357,0.0,1.0,0.0,-0.19728015663319357,0.0,0.9803471526958104,0.3039537697842381,0.0,0.7948421072099692,0
0.9788348629560962,0.0,0.20465168228411976,0.0,1.0,0.0,-0.20465168228411976,0.0,0.9788348629560962,0.3080701464826993,0.0,0.7959939456872897,0
0.9772351685781396,0.0,0.21215896232319534,0.0,1.0,0.0,-0.21215896232319534,0.0,0.9772351685781396,0.3122778074202099,0.0,0.7971369155703127,0
0.975544862558246,0.0,0.21980041204741402,0.0,1.0,0.0,-0.21980041204741402,0.0,0.975544862558246,0.31657678559138486,0.0,0.7982689851683858,0
0.9737607123431951,0.0,0.2275743287299192,0.0,1.0,0.0,-0.2275743287299192,0.0,0.9737607123431951,0.3209670610166225,0.0,0.7993880792139546,0
0.971879463705781,0.0,0.23547889083092666,0.0,1.0,0.0,-0.23547889083092666,0.0,0.971879463705781,0.3254485593363721,0.0,0.8004920806150388,0
0.9698978447517522,0.0,0.24351215728563932,0.0,1.0,0.0,-0.24351215728563932,0.0,0.9698978447517522,0.3300211504101441,0.0,0.8015788322940864,0
0.9678125700537903,0.0,0.2516720668764756,0.0,1.0,0.0,-0.2516720668764756,0.0,0.9678125700537903,0.3346846469250908,0.0,0.8026461391129074,0
0.9656203449078312,0.0,0.2599564376969361,0.0,1.0,0.0,-0.2599564376969361,0.0,0.9656203449078312,0.3394388030190806,0.0,0.8036917698832164,0
0.9633178697066924,0.0,0.2683629667144106,0.0,1.0,0.0,-0.2683629667144106,0.0,0.9633178697066924,0.3442833129232619,0.0,0.8047134594621406,0
0.9609018444256311,0.0,0.2768892294391754,0.0,1.0,0.0,-0.2768892294391754,0.0,0.9609018444256311,0.3492178096291748,0.0,0.8057089109318587,0
0.9583689732141137,0.0,0.2855326797067638,0.0,1.0,0.0,-0.2855326797067638,0.0,0.9583689732141137,0.35424186358552634,0.0,0.8066757978623527,0
0.9557159690877388,0.0,0.2942906495807916,0.0,1.0,0.0,-0.2942906495807916,0.0,0.9557159690877388,0.3593549814297796,0.0,0.8076117666560494,0
0.9529395587139078,0.0,0.303160349383198,0.0,1.0,0.0,-0.303160349383198,0.0,0.9529395587139078,0.36455660475973806,0.0,0.8085144389729269,0
0.9500364872845042,0.0,0.3121388678587147,0.0,1.0,0.0,-0.3121388678587147,0.0,0.9500364872845042,0.3698461089503159,0.0,0.8093814142344524,0
0.9470035234685017,0.0,0.32122317248019805,0.0,1.0,0.0,-0.32122317248019805,0.0,0.9470035234685017,0.3752228020206885,0.0,0.8102102722044989,0
0.9438374644370893,0.0,0.33041010990126535,0.0,1.0,0.0,-0.33041010990126535,0.0,0.9438374644370893,0.380685923556999,0.0,0.8109985756451722,0
0.9405351409535767,0.0,0.33969640656244166,0.0,1.0,0.0,-0.33969640656244166,0.0,0.9405351409535767,0.38623464369576954,0.0,0.8117438730452512,0
0.9370934225200203,0.0,0.3490786694567786,0.0,1.0,0.0,-0.3490786694567786,0.0,0.9370934225200203,0.391868062173121,0.0,0.8124437014187229,0
0.9335092225722006,0.0,0.3585533870606239,0.0,1.0,0.0,-0.3585533870606239,0.0,0.9335092225722006,0.39758520744484466,0.0,0.813095589170657,0
0.9297795037142803,0.0,0.36811693043491833,0.0,1.0,0.0,-0.36811693043491833,0.0,0.9297795037142803,0.40338503588229646,0.0,0.813697059027441,0
0.9259012829841752,0.0,0.37776555450207255,0.0,1.0,0.0,-0.37776555450207255,0.0,0.9259012829841752,0.40926643104899424,0.0,0.8142456310281568,0
0.9218716371404019,0.0,0.38749539950311057,0.0,1.0,0.0,-0.38749539950311057,0.0,0.9218716371404019,0.4152282030626867,0.0,0.8147388255736532,0
0.9176877079608914,0.0,0.3973024926394066,0.0,1.0,0.0,-0.3973024926394066,0.0,0.9176877079608914,0.4212690880475515,0.0,0.8151741665296334,0
0.9133467075440146,0.0,0.40718274990292547,0.0,1.0,0.0,-0.40718274990292547,0.0,0.9133467075440146,0.4273877476810314,0.0,0.8155491843798489,0
0.9088459236018301,0.0,0.41713197809846275,0.0,1.0,0.0,-0.41713197809846275,0.0,0.9088459236018301,0.43358276883967106,0.0,0.8158614194252604,0
0.9041827247353525,0.0,0.42714587706093293,0.0,1.0,0.0,-0.42714587706093293,0.0,0.9041827247353525,0.4398526633481453,0.0,0.8161084250248055,0
0.8993545656814435,0.0,0.43722004207028553,0.0,1.0,0.0,-0.43722004207028553,0.0,0.8993545656814435,0.44619586783548437,0.0,0.8162877708731942,0
0.894358992520754,0.0,0.44734996646614594,0.0,1.0,0.0,-0.44734996646614594,0.0,0.894358992520754,0.45261074370230153,0.0,0.8163970463109328,0
0.8891936478359987,0.0,0.45753104446377174,0.0,1.0,0.0,-0.45753104446377174,0.0,0.8891936478359987,0.45909557720261407,0.0,0.8164338636615802,0
0.8838562758097089,0.0,0.46775857417239475,0.0,1.0,0.0,-0.46775857417239475,0.0,0.8838562758097089,0.4656485796436167,0.0,0.816395861591029,0
0.8783447272505158,0.0,0.4780277608164792,0.0,1.0,0.0,-0.4780277608164792,0.0,0.8783447272505158,0.47226788770652217,0.0,0.8162807084834206,0
0.8726569645369355,0.0,0.4883337201598736,0.0,1.0,0.0,-0.4883337201598736,0.0,0.8726569645369355,0.4789515638913226,0.0,0.8160861058281195,0
0.8667910664675783,0.0,0.49867148213227336,0.0,1.0,0.0,-0.49867148213227336,0.0,0.8667910664675783,0.4856975970880575,0.0,0.8158097916119964,0
0.8607452330066857,0.0,0.5090359946568283,0.0,1.0,0.0,-0.5090359946568283,0.0,0.8607452330066857,0.4925039032768809,0.0,0.815449543711116,0
0.8545177899139066,0.0,0.5194221276771452,0.0,1.0,0.0,-0.5194221276771452,0.0,0.8545177899139066,0.4993683263589286,0.0,0.8150031832757714,0
0.8481071932472639,0.0,0.5298246773813469,0.0,1.0,0.0,-0.5298246773813469,0.0,0.8481071932472639,0.5062886391196717,0.0,0.8144685781026777,0
0.8415120337283314,0.0,0.5402383706202362,0.0,1.0,0.0,-0.5402383706202362,0.0,0.8415120337283314,0.5132625443261235,0.0,0.8138436459880118,0
0.8347310409587445,0.0,0.5506578695160279,0.0,1.0,0.0,-0.5506578695160279,0.0,0.8347310409587445,0.520287675958936,0.0,0.8131263580548848,0
0.8277630874773013,0.0,0.5610777762574861,0.0,1.0,0.0,-0.5610777762574861,0.0,0.8277630874773013,0.5273616005800779,0.0,0.8123147420487388,0
0.8206071926470759,0.0,0.5714926380767165,0.0,1.0,0.0,-0.5714926380767165,0.0,0.8206071926470759,0.534481818836442,0.0,0.8114068855940919,0
0.8132625263621708,0.0,0.581896952402244,0.0,1.0,0.0,-0.581896952402244,0.0,0.8132625263621708,0.5416457670993677,0.0,0.8104009394059944,0
0.8057284125639587,0.0,0.5922851721824236,0.0,1.0,0.0,-0.5922851721824236,0.0,0.8057284125639587,0.5488508192397066,0.0,0.809295120449524,0
0.7980043325569439,0.0,0.6026517113726191,0.0,1.0,0.0,-0.6026517113726191,0.0,0.7980043325569439,0.5560942885376838,0.0,0.8080877150406282,0
0.7900899281146588,0.0,0.6129909505790223,0.0,1.0,0.0,-0.6129909505790223,0.0,0.7900899281146588,0.5633734297264429,0.0,0.8067770818816213,0
0.781985004366354,0.0,0.6232972428513971,0.0,1.0,0.0,-0.6232972428513971,0.0,0.781985004366354,0.5706854411677793,0.0,0.8053616550246615,0
0.7736895324556029,0.0,0.6335649196164751,0.0,1.0,0.0,-0.6335649196164751,0.0,0.7736895324556029,0.5780274671581928,0.0,0.8038399467565742,0
0.7652036519623368,0.0,0.6437882967431942,0.0,1.0,0.0,-0.6437882967431942,0.0,0.7652036519623368,0.5853966003630122,0.0,0.8022105503984472,0
0.7565276730802598,0.0,0.6539616807304289,0.0,1.0,0.0,-0.6539616807304289,0.0,0.7565276730802598,0.5927898843759625,0.0,0.8004721430135008,0
0.7476620785420506,0.0,0.6640793750073711,0.0,1.0,0.0,-0.6640793750073711,0.0,0.7476620785420506,0.6002043164011764,0.0,0.7986234880168394,0
0.7386075252852482,0.0,0.6741356863362162,0.0,1.0,0.0,-0.6741356863362162,0.0,0.7386075252852482,0.6076368500542715,0.0,0.7966634376808105,0
0.7293648458522415,0.0,0.6841249313063631,0.0,1.0,0.0,-0.6841249313063631,0.0,0.7293648458522415,0.6150843982787504,0.0,0.7945909355298405,0
0.7199350495183195,0.0,0.6940414429088906,0.0,1.0,0.0,-0.6940414429088906,0.0,0.7199350495183195,0.6225438363736219,0.0,0.792405018618777,0
0.7103193231423285,0.0,0.7038795771796652,0.0,1.0,0.0,-0.7038795771796652,0.0,0.7103193231423285,0.6300120051277736,0.0,0.7901048196889535,0
0.700519031735059,0.0,0.7136337198990638,0.0,1.0,0.0,-0.7136337198990638,0.0,0.700519031735059,0.6374857140562991,0.0,0.7876895691963939,0
0.6905357187411287,0.0,0.7232982933359325,0.0,1.0,0.0,-0.7232982933359325,0.0,0.6905357187411287,0.6449617447336231,0.0,0.7851585972067984,0
0.6803711060307515,0.0,0.7328677630231063,0.0,1.0,0.0,-0.7328677630231063,0.0,0.6803711060307515,0.6524368542179637,0.0,0.782511335152195,0
0.6700270935984574,0.0,0.7423366445515162,0.0,1.0,0.0,-0.7423366445515162,0.0,0.6700270935984574,0.6599077785613388,0.0,0.779747317444402,0
0.6595057589665019,0.0,0.7516995103696811,0.0,1.0,0.0,-0.7516995103696811,0.0,0.6595057589665019,0.6673712363990381,0.0,0.776866182940728,0
0.6488093562914035,0.0,0.7609509965751636,0.0,1.0,0.0,-0.7609509965751636,0.0,0.6488093562914035,0.6748239326121865,0.0,0.7738676762576331,0
0.6379403151727517,0.0,0.770085809684408,0.0,1.0,0.0,-0.770085809684408,0.0,0.6379403151727517,0.6822625620567615,0.0,0.770751648928389,0
0.6269012391641545,0.0,0.7790987333672463,0.0,1.0,0.0,-0.7790987333672463,0.0,0.6269012391641545,0.6896838133521707,0.0,0.7675180604011074,0
0.6156949039869208,0.0,0.7879846351322698,0.0,1.0,0.0,-0.7879846351322698,0.0,0.6156949039869208,0.6970843727222665,0.0,0.7641669788738497,0
0.6043242554478077,0.0,0.7967384729492187,0.0,1.0,0.0,-0.7967384729492187,0.0,0.6043242554478077,0.7044609278814535,0.0,0.7606985819638931,0
0.5927924070629058,0.0,0.8053553017945347,0.0,1.0,0.0,-0.8053553017945347,0.0,0.5927924070629058,0.7118101719583547,0.0,0.7571131572085977,0
0.5811026373904803,0.0,0.8138302801062566,0.0,1.0,0.0,-0.8138302801062566,0.0,0.5811026373904803,0.7191288074493218,0.0,0.7534111023957074,0
0.5692583870763103,0.0,0.8221586761345268,0.0,1.0,0.0,-0.8221586761345268,0.0,0.5692583870763103,0.7264135501939357,0.0,0.7495929257213044,0
0.557263255615833,0.0,0.8303358741740855,0.0,1.0,0.0,-0.8303358741740855,0.0,0.557263255615833,0.7336611333644931,0.0,0.7456592457740534,0
0.5451209978381039,0.0,0.8383573806653043,0.0,1.0,0.0,-0.8383573806653043,0.0,0.5451209978381039,0.740868311461387,0.0,0.7416107913447703,0
0.532835520117322,0.0,0.846218830150513,0.0,1.0,0.0,-0.846218830150513,0.0,0.532835520117322,0.7480318643061954,0.0,0.7374484010607784,0
0.5204108763183761,0.0,0.853915991072623,0.0,1.0,0.0,-0.853915991072623,0.0,0.5204108763183761,0.7551486010242363,0.0,0.733173022844934,0
0.5078512634835616,0.0,0.8614447714033385,0.0,1.0,0.0,-0.8614447714033385,0.0,0.5078512634835616,0.7622153640083105,0.0,0.7287857131996311,0
0.4951610172683063,0.0,0.8688012240885806,0.0,1.0,0.0,-0.8688012240885806,0.0,0.4951610172683063,0.7692290328553464,0.0,0.7242876363165275,0
0.4823446071343944,0.0,0.8759815522991148,0.0,1.0,0.0,-0.8759815522991148,0.0,0.4823446071343944,0.7761865282676739,0.0,0.719680063013159,0
0.46940663130982485,0.0,0.8829821144747849,0.0,1.0,0.0,-0.8829821144747849,0.0,0.46940663130982485,0.7830848159106927,0.0,0.7149643694980453,0
0.45635181152506354,0.0,0.8897994291511953,0.0,1.0,0.0,-0.8897994291511953,0.0,0.45635181152506354,0.7899209102187703,0.0,0.710142035966313,0
0.443184987536019,0.0,0.8964301795581733,0.0,1.0,0.0,-0.8964301795581733,0.0,0.443184987536019,0.7966918781412866,0.0,0.705214645028284,0
0.42991111144465877,0.0,0.9028712179798503,0.0,1.0,0.0,-0.9028712179798503,0.0,0.42991111144465877,0.8033948428208633,0.0,0.7001838799739021,0
0.41653524182869406,0.0,0.9091195698667538,0.0,1.0,0.0,-0.9091195698667538,0.0,0.41653524182869406,0.8100269871959531,0.0,0.6950515228762728,0
0.4030625376922785,0.0,0.9151724376908761,0.0,1.0,0.0,-0.9151724376908761,0.0,0.4030625376922785,0.8165855575201189,0.0,0.6898194525380018,0
0.3894982522501186,0.0,0.9210272045352965,0.0,1.0,0.0,-0.9210272045352965,0.0,0.3894982522501186,0.8230678667905296,0.0,0.6844896422844069,0
0.37584772655783083,0.0,0.9266814374105645,0.0,1.0,0.0,-0.9266814374105645,0.0,0.37584772655783083,0.8294712980783989,0.0,0.679064157608059,0
0.3621163830017732,0.0,0.9321328902907101,0.0,1.0,0.0,-0.9321328902907101,0.0,0.3621163830017732,0.8357933077543285,0.0,0.6735451536694814,0
0.34830971866193106,0.0,0.9373795068624268,0.0,1.0,0.0,-0.9373795068624268,0.0,0.34830971866193106,0.842031428601762,0.0,0.6679348726591882,0
0.33443329856174486,0.0,0.9424194229816737,0.0,1.0,0.0,-0.9424194229816737,0.0,0.33443329856174486,0.8481832728120404,0.0,0.6622356410265823,0
0.32049274881906453,0.0,0.9472509688326531,0.0,1.0,0.0,-0.9472509688326531,0.0,0.32049274881906453,0.8542465348548203,0.0,0.6564498665815649,0
0.3064937497125916,0.0,0.9518726707848667,0.0,1.0,0.0,-0.9518726707848667,0.0,0.3064937497125916,0.8602189942179539,0.0,0.6505800354749969,0
0.2924420286784466,0.0,0.9562832529446673,0.0,1.0,0.0,-0.9562832529446673,0.0,0.2924420286784466,0.8660985180112186,0.0,0.6446287090644703,0
0.2783433532515315,0.0,0.9604816383985136,0.0,1.0,0.0,-0.9604816383985136,0.0,0.2783433532515315,0.8718830634286716,0.0,0.6385985206720787,0
0.2642035239665603,0.0,0.964466950145857,0.0,1.0,0.0,-0.964466950145857,0.0,0.2642035239665603,0.8775706800647178,0.0,0.6324921722411548,0
0.25002836723361377,0.0,0.9682385117203783,0.0,1.0,0.0,-0.9682385117203783,0.0,0.25002836723361377,0.8831595120793831,0.0,0.626312430899153,0
0.23582372820312547,0.0,0.9717958474990406,0.0,1.0,0.0,-0.9717958474990406,0.0,0.23582372820312547,0.8886478002086537,0.0,0.6200621254340607,0
0.22159546363515603,0.0,0.9751386826991945,0.0,1.0,0.0,-0.9751386826991945,0.0,0.22159546363515603,0.8940338836161301,0.0,0.613744142691909,0
0.20734943478772816,0.0,0.9782669430647289,0.0,1.0,0.0,-0.9782669430647289,0.0,0.20734943478772816,0.8993162015826688,0.0,0.6073614239031,0
0.19309150033890832,0.0,0.9811807542430036,0.0,1.0,0.0,-0.9811807542430036,0.0,0.19309150033890832,0.9044932950310649,0.0,0.6009169609454208,0
0.17882750935710334,0.0,0.9838804408550539,0.0,1.0,0.0,-0.9838804408550539,0.0,0.17882750935710334,0.9095638078832788,0.0,0.5944137925517001,0
0.16456329433388517,0.0,0.9863665252622775,0.0,1.0,0.0,-0.9863665252622775,0.0,0.16456329433388517,0.9145264882481015,0.0,0.5878550004701679,0
0.15030466429337608,0.0,0.9886397260335311,0.0,1.0,0.0,-0.9886397260335311,0.0,0.15030466429337608,0.9193801894376055,0.0,0.5812437055856309,0
0.1360573979919517,0.0,0.9907009561172633,0.0,1.0,0.0,-0.9907009561172633,0.0,0.1360573979919517,0.924123870811133,0.0,0.5745830640096129,0
0.12182723722168376,0.0,0.9925513207239873,0.0,1.0,0.0,-0.9925513207239873,0.0,0.12182723722168376,0.9287565984460211,0.0,0.5678762631476165,0
0.10761988023060642,0.0,0.9941921149250531,0.0,1.0,0.0,-0.9941921149250531,0.0,0.10761988023060642,0.9332775456346643,0.0,0.5611265177516668,0
0.0934409752724421,0.0,0.995624820974314,0.0,1.0,0.0,-0.995624820974314,0.0,0.0934409752724421,0.9376859932079726,0.0,0.5543370659662301,0
0.07929611429802952,0.0,0.9968511053598896,0.0,1.0,0.0,-0.9968511053598896,0.0,0.07929611429802952,0.941981329685672,0.0,0.5475111653755654,0
0.06519082680021548,0.0,0.9978728155938031,0.0,1.0,0.0,-0.9978728155938031,0.0,0.06519082680021548,0.9461630512543235,0.0,0.5406520890604694,0
0.051130573823462644,0.0,0.9986919767478276,0.0,1.0,0.0,-0.9986919767478276,0.0,0.051130573823462644,0.9502307615743486,0.0,0.5337631216722653,0
0.03712074214891847,0.0,0.9993107877443901,0.0,1.0,0.0,-0.9993107877443901,0.0,0.03712074214891847,0.9541841714177317,0.0,0.5268475555317622,0
0.023166638665117034,0.0,0.9997316174118731,0.0,1.0,0.0,-0.9997316174118731,0.0,0.023166638665117034,0.9580230981384807,0.0,0.5199086867607499,0
0.009273484933914444,0.0,0.9999570003141037,0.0,1.0,0.0,-0.9999570003141037,0.0,0.009273484933914444,0.9617474649782916,0.0,0.5129498114534219,0
-0.004553588039317935,0.0,0.9999896323642401,0.0,1.0,0.0,-0.9999896323642401,0.0,-0.004553588039317935,0.9653573002102285,0.0,0.5059742218949405,0
-0.018309544822904034,0.0,0.9998323662336492,0.0,1.0,0.0,-0.9998323662336492,0.0,-0.018309544822904034,0.968852736123607,0.0,0.4989852028341055,0
-0.03198945035569012,0.0,0.9994882065667112,0.0,1.0,0.0,-0.9994882065667112,0.0,-0.03198945035569012,0.9722340078535756,0.0,0.491986027816905,0
-0.04558847451642789,0.0,0.9989603050127993,0.0,1.0,0.0,-0.9989603050127993,0.0,-0.04558847451642789,0.975501452059246,0.0,0.48497995558743473,0
-0.0591018964592771,0.0,0.9982519550869494,0.0,1.0,0.0,-0.9982519550869494,0.0,-0.0591018964592771,0.9786555054545132,0.0,0.47797022656243243,0
-0.07252510870969298,0.0,0.9973665868709696,0.0,1.0,0.0,-0.9973665868709696,0.0,-0.07252510870969298,0.9816967031960118,0.0,0.4709600593853746,0
-0.08585362101563021,0.0,0.9963077615669289,0.0,1.0,0.0,-0.9963077615669289,0.0,-0.08585362101563021,0.9846256771329205,0.0,0.46395264756580085,0
-0.09908306394968625,0.0,0.9950791659151258,0.0,1.0,0.0,-0.9950791659151258,0.0,-0.09908306394968625,0.9874431539235893,0.0,0.45695115620921983,0
-0.11220919225853887,0.0,0.9936846064887421,0.0,1.0,0.0,-0.9936846064887421,0.0,-0.11220919225853887,0.9901499530242082,0.0,0.4499587188426102,0
-0.12522788795665307,0.0,0.9921280038774815,0.0,1.0,0.0,-0.9921280038774815,0.0,-0.12522788795665307,0.992746984554943,0.0,0.44297843434024076,0
-0.13813516316200314,0.0,0.9904133867725167,0.0,1.0,0.0,-0.9904133867725167,0.0,-0.13813516316200314,0.9952352470491783,0.0,0.4360133639541532,0
-0.15092716267221418,0.0,0.9885448859650809,0.0,1.0,0.0,-0.9885448859650809,0.0,-0.15092716267221418,0.9976158250916816,0.0,0.42906652845331367,0
-0.16360016628018137,0.0,0.9865267282710068,0.0,1.0,0.0,-0.9865267282710068,0.0,-0.16360016628018137,0.9998898868516586,0.0,0.4221409053751138,0
-0.17615059082896733,0.0,0.9843632303934385,0.0,1.0,0.0,-0.9843632303934385,0.0,-0.17615059082896733,1.0020586815168266,0.0,0.41523942639249234,0
-0.18857499200637573,0.0,0.9820587927358501,0.0,1.0,0.0,-0.9820587927358501,0.0,-0.18857499200637573,1.004123536634733,0.0,0.4083649747996336,0
-0.20087006588031353,0.0,0.9796178931773544,0.0,1.0,0.0,-0.9796178931773544,0.0,-0.20087006588031353,1.0060858553676635,0.0,0.4015203831187939,0
-0.2130326501766462,0.0,0.9770450808221259,0.0,1.0,0.0,-0.9770450808221259,0.0,-0.2130326501766462,1.0079471136675555,0.0,0.3947084308304668,0
-0.22505972530190532,0.0,0.974344969734555,0.0,1.0,0.0,-0.974344969734555,0.0,-0.22505972530190532,1.0097088573773967,0.0,0.38793184222871824,0
-0.23694841511380993,0.0,0.9715222326715193,0.0,1.0,0.0,-0.9715222326715193,0.0,-0.23694841511380993,1.01137269926563,0.0,0.3811932844031481,0
-0.24869598744314136,0.0,0.9685815948229044,0.0,1.0,0.0,-0.9685815948229044,0.0,-0.24869598744314136,1.0129403160001074,0.0,0.37449536534859135,0
-0.2602998543710666,0.0,0.965527827571221,0.0,1.0,0.0,-0.965527827571221,0.0,-0.2602998543710666,1.0144134450681355,0.0,0.36784063220330154,0
-0.2717575722666348,0.0,0.9623657422808362,0.0,1.0,0.0,-0.9623657422808362,0.0,-0.2717575722666348,1.015793881649155,0.0,0.3612315696159699,0
-0.2830668415895343,0.0,0.9591001841270418,0.0,1.0,0.0,-0.9591001841270418,0.0,-0.2830668415895343,1.0170834754465363,0.0,0.354670598241663,0
-0.2942255064638819,0.0,0.9557360259747836,0.0,1.0,0.0,-0.9557360259747836,0.0,-0.2942255064638819,1.018284127484955,0.0,0.34816007336631827,0
-0.30523155402914126,0.0,0.9522781623165342,0.0,1.0,0.0,-0.9522781623165342,0.0,-0.30523155402914126,1.0193977868797255,0.0,0.34170228365918215,0
-0.3160831135748079,0.0,0.9487315032783802,0.0,1.0,0.0,-0.9487315032783802,0.0,-0.3160831135748079,1.0204264475843898,0.0,0.3352994500521951,0
-0.3267784554658655,0.0,0.945100968702997,0.0,1.0,0.0,-0.945100968702997,0.0,-0.3267784554658655,1.0213721451227729,0.0,0.3289537247450401,0
-0.3373159898664366,0.0,0.9413914823177582,0.0,1.0,0.0,-0.9413914823177582,0.0,-0.3373159898664366,1.022236953311592,0.0,0.3226671903342474,0
-0.3476942652694237,0.0,0.9376079659957863,0.0,1.0,0.0,-0.9376079659957863,0.0,-0.3476942652694237,1.0230229809795943,0.0,0.3164418590644485,0
-0.3579119668402353,0.0,0.9337553341173234,0.0,1.0,0.0,-0.9337553341173234,0.0,-0.3579119668402353,1.0237323686890478,0.0,0.3102796721996045,0
-0.36796791458304345,0.0,0.9298384880383292,0.0,1.0,0.0,-0.9298384880383292,0.0,-0.36796791458304345,1.0243672854652774,0.0,0.30418249951174237,0
-0.37786106133828246,0.0,0.9258623106727624,0.0,1.0,0.0,-0.9258623106727624,0.0,-0.37786106133828246,1.0249299255397601,0.0,0.2981521388844745,0
-0.38759049062032336,0.0,0.9218316611945464,0.0,1.0,0.0,-0.9218316611945464,0.0,-0.38759049062032336,1.0254225051121433,0.0,0.292190316028348,0
-0.39715541430452306,0.0,0.9177513698647377,0.0,1.0,0.0,-0.9177513698647377,0.0,-0.39715541430452306,1.0258472591363548,0.0,0.28629868430481537,0
-0.40655517017301457,0.0,0.9136262329889566,0.0,1.0,0.0,-0.9136262329889566,0.0,-0.40655517017301457,1.0262064381358025,0.0,0.28047882465540275,0
-0.41578921932874957,0.0,0.9094610080096832,0.0,1.0,0.0,-0.9094610080096832,0.0,-0.41578921932874957,1.026502305052452,0.0,0.2747322456324775,0
-0.4248571434875146,0.0,0.9052604087375242,0.0,1.0,0.0,-0.9052604087375242,0.0,-0.4248571434875146,1.0267371321343892,0.0,0.2690603835277642,0
-0.4337586421576052,0.0,0.9010291007251601,0.0,1.0,0.0,-0.9010291007251601,0.0,-0.4337586421576052,1.026913197866256,0.0,0.2634646025946842,0
-0.44249352971712774,0.0,0.8967716967871351,0.0,1.0,0.0,-0.8967716967871351,0.0,-0.44249352971712774,1.0270327839467448,0.0,0.2579461953603062,0
-0.4510617323987307,0.0,0.8924927526683093,0.0,1.0,0.0,-0.8924927526683093,0.0,-0.4510617323987307,1.027098172317128,0.0,0.252506383022687,0
-0.45946328519177615,0.0,0.8881967628632637,0.0,1.0,0.0,-0.8881967628632637,0.0,-0.45946328519177615,1.0271116422445754,0.0,0.24714631592914393,0
-0.4676983286718408,0.0,0.8838881565885849,0.0,1.0,0.0,-0.8838881565885849,0.0,-0.4676983286718408,1.0270754674638107,0.0,0.2418670741309621,0
-0.4757671057674695,0.0,0.8795712939095077,0.0,1.0,0.0,-0.8795712939095077,0.0,-0.4757671057674695,1.0269919133804206,0.0,0.23666966800991007,0
-0.4836699584740649,0.0,0.875250462021984,0.0,1.0,0.0,-0.875250462021984,0.0,-0.4836699584740649,1.0268632343389394,0.0,0.23155503897185004,0
-0.49140732452468217,0.0,0.8709298716908805,0.0,1.0,0.0,-0.8709298716908805,0.0,-0.49140732452468217,1.0266916709585892,0.0,0.2265240602026879,0
-0.4989797340274189,0.0,0.866613653844622,0.0,1.0,0.0,-0.866613653844622,0.0,-0.4989797340274189,1.0264794475393617,0.0,0.22157753748185416,0
-0.5063878060790254,0.0,0.8623058563262058,0.0,1.0,0.0,-0.8623058563262058,0.0,-0.5063878060790254,1.0262287695409058,0.0,0.21671621004843367,0
-0.5136322453641398,0.0,0.8580104408002225,0.0,1.0,0.0,-0.8580104408002225,0.0,-0.5136322453641398,1.0259418211364733,0.0,0.21194075151509806,0
-0.5207138387494672,0.0,0.8537312798151382,0.0,1.0,0.0,-0.8537312798151382,0.0,-0.5207138387494672,1.0256207628439793,0.0,0.20725177082493995,0
-0.5276334518820129,0.0,0.8494721540198193,0.0,1.0,0.0,-0.8494721540198193,0.0,-0.5276334518820129,1.0252677292360184,0.0,0.20264981324634757,0
-0.5343920258003103,0.0,0.8452367495329581,0.0,1.0,0.0,-0.8452367495329581,0.0,-0.5343920258003103,1.0248848267304933,0.0,0.19813536140104682,0
-0.540990573567349,0.0,0.8410286554638139,0.0,1.0,0.0,-0.8410286554638139,0.0,-0.540990573567349,1.0244741314633097,0.0,0.1937088363205084,0
-0.5474301769337251,0.0,0.8368513615823961,0.0,1.0,0.0,-0.8368513615823961,0.0,-0.5474301769337251,1.024037687244408,0.0,0.18937059852592653,0
-0.5537119830392554,0.0,0.832708256137007,0.0,1.0,0.0,-0.832708256137007,0.0,-0.5537119830392554,1.0235775035982255,0.0,0.185120949127064,0
-0.5598372011610833,0.0,0.8286026238168238,0.0,1.0,0.0,-0.8286026238168238,0.0,-0.5598372011610833,1.0230955538894981,0.0,0.18096013093530827,0
-0.5658070995160136,0.0,0.8245376438570139,0.0,1.0,0.0,-0.8245376438570139,0.0,-0.5658070995160136,1.0225937735351474,0.0,0.1768883295863749,0
-0.5716230021245434,0.0,0.8205163882836981,0.0,1.0,0.0,-0.8205163882836981,0.0,-0.5716230021245434,1.022074058302842,0.0,0.17290567466819573,0
-0.577286285743817,0.0,0.8165418202958793,0.0,1.0,0.0,-0.8165418202958793,0.0,-0.577286285743817,1.0215382626966492,0.0,0.16901224084958377,0
-0.582798376876325,0.0,0.8126167927813952,0.0,1.0,0.0,-0.8126167927813952,0.0,-0.582798376876325,1.0209881984300668,0.0,0.1652080490054726,0
-0.5881607488610161,0.0,0.8087440469637156,0.0,1.0,0.0,-0.8087440469637156,0.0,-0.5881607488610161,1.0204256329865655,0.0,0.16149306733452995,0
-0.59337491905301,0.0,0.8049262111764246,0.0,1.0,0.0,-0.8049262111764246,0.0,-0.59337491905301,1.0198522882676453,0.0,0.1578672124652042,0
-0.5984424460979512,0.0,0.8011657997620099,0.0,1.0,0.0,-0.8011657997620099,0.0,-0.5984424460979512,1.0192698393282769,0.0,0.15433035054626965,0
-0.6033649273065669,0.0,0.7974652120916255,0.0,1.0,0.0,-0.7974652120916255,0.0,-0.6033649273065669,1.0186799131994901,0.0,0.15088229831819866,0
-0.6081439961347548,0.0,0.7938267317023604,0.0,1.0,0.0,-0.7938267317023604,0.0,-0.6081439961347548,1.0180840877977364,0.0,0.14752282416176687,0
-0.6127813197741436,0.0,0.7902525255485482,0.0,1.0,0.0,-0.7902525255485482,0.0,-0.6127813197741436,1.0174838909205628,0.0,0.14425164912049593,0
-0.6172785968577539,0.0,0.7867446433636028,0.0,1.0,0.0,-0.7867446433636028,0.0,-0.6172785968577539,1.0168807993280282,0.0,0.14106844789368167,0
-0.6216375552850328,0.0,0.7833050171288626,0.0,1.0,0.0,-0.7833050171288626,0.0,-0.6216375552850328,1.0162762379091894,0.0,0.13797284979693525,0
-0.6258599501701587,0.0,0.7799354606459477,0.0,1.0,0.0,-0.7799354606459477,0.0,-0.6258599501701587,1.0156715789329065,0.0,0.13496443968736271,0
-0.6299475619172274,0.0,0.7766376692090985,0.0,1.0,0.0,-0.7766376692090985,0.0,-0.6299475619172274,1.0150681413821259,0.0,0.1320427588506381,0
-0.6339021944254746,0.0,0.7734132193740729,0.0,1.0,0.0,-0.7734132193740729,0.0,-0.6339021944254746,1.014467190370725,0.0,0.12920730584748896,0
-0.6377256734274928,0.0,0.7702635688200831,0.0,1.0,0.0,-0.7702635688200831,0.0,-0.6377256734274928,1.013869936641917,0.0,0.12645753731718512,0
-0.6414198449628299,0.0,0.7671900563014742,0.0,1.0,0.0,-0.7671900563014742,0.0,-0.6414198449628299,1.0132775361471638,0.0,0.12379286873596829,0
-0.6449865739892238,0.0,0.7641939016857199,0.0,1.0,0.0,-0.7641939016857199,0.0,-0.6449865739892238,1.0126910897044594,0.0,0.12121267512839329,0
-0.6484277431331995,0.0,0.7612762060745005,0.0,1.0,0.0,-0.7612762060745005,0.0,-0.6484277431331995,1.0121116427347934,0.0,0.11871629172986864,0
-0.651745251581493,0.0,0.7584379520046295,0.0,1.0,0.0,-0.7584379520046295,0.0,-0.651745251581493,1.0115401850755448,0.0,0.11630301459881498,0
-0.654941014114371,0.0,0.755680003725677,0.0,1.0,0.0,-0.755680003725677,0.0,-0.654941014114371,1.0109776508694905,0.0,0.11397210117708567,0
-0.6580169602815755,0.0,0.7530031075512209,0.0,1.0,0.0,-0.7530031075512209,0.0,-0.6580169602815755,1.0104249185280707,0.0,0.11172277079748005,0
-0.6609750337212543,0.0,0.7504078922807161,0.0,1.0,0.0,-0.7504078922807161,0.0,-0.6609750337212543,1.0098828107674773,0.0,0.10955420513738712,0
-0.6638171916218965,0.0,0.7478948696890616,0.0,1.0,0.0,-0.7478948696890616,0.0,-0.6638171916218965,1.0093520947161065,0.0,0.10746554861779001,0
-0.666545404326951,0.0,0.7454644350809913,0.0,1.0,0.0,-0.7454644350809913,0.0,-0.666545404326951,1.0088334820918292,0.0,0.10545590874704813,0
-0.6691616550813881,0.0,0.7431168679075569,0.0,1.0,0.0,-0.7431168679075569,0.0,-0.6691616550813881,1.0083276294475159,0.0,0.10352435640911828,0
-0.6716679399192678,0.0,0.7408523324419023,0.0,1.0,0.0,-0.7408523324419023,0.0,-0.6716679399192678,1.0078351384831503,0.0,0.10166992609596492,0
-0.6740662676908087,0.0,0.7386708785117923,0.0,1.0,0.0,-0.7386708785117923,0.0,-0.6740662676908087,1.007356556422868,0.0,0.09989161608425456,0
-0.676358660227357,0.0,0.7365724422861981,0.0,1.0,0.0,-0.7365724422861981,0.0,-0.676358660227357,1.006892376455131,0.0,0.09818838855644585,0
-0.6785471526421025,0.0,0.7345568471134792,0.0,1.0,0.0,-0.7345568471134792,0.0,-0.6785471526421025,1.0064430382342444,0.0,0.09655916966672307,0
-0.6806337937641835,0.0,0.7326238044086303,0.0,1.0,0.0,-0.7326238044086303,0.0,-0.6806337937641835,1.0060089284413207,0.0,0.09500284955230542,0
-0.6826206467034328,0.0,0.7307729145871426,0.0,1.0,0.0,-0.7307729145871426,0.0,-0.6826206467034328,1.0055903814027396,0.0,0.0935182822908831,0
-0.6845097895426935,0.0,0.7290036680430473,0.0,1.0,0.0,-0.7290036680430473,0.0,-0.6845097895426935,1.0051876797640744,0.0,0.09210428580509977,0
-0.6863033161543282,0.0,0.727315446168698,0.0,1.0,0.0,-0.727315446168698,0.0,-0.6863033161543282,1.004801055217381,0.0,0.0907596417151516,0
-0.6880033371371672,0.0,0.7257075224139,0.0,1.0,0.0,-0.7257075224139,0.0,-0.6880033371371672,1.004430689279655,0.0,0.08948309514077879,0
-0.6896119808698777,0.0,0.7241790633819257,0.0,1.0,0.0,-0.7241790633819257,0.0,-0.6896119808698777,1.0040767141201798,0.0,0.08827335445403806,0
-0.6911313946764261,0.0,0.7227291299599167,0.0,1.0,0.0,-0.7227291299599167,0.0,-0.6911313946764261,1.0037392134343706,0.0,0.08712909098439181,0
-0.6925637460988767,0.0,0.7213566784812425,0.0,1.0,0.0,-0.7213566784812425,0.0,-0.6925637460988767,1.0034182233616562,0.0,0.0860489386778891,0
-0.6939112242726515,0.0,0.7200605619171417,0.0,1.0,0.0,-0.7200605619171417,0.0,-0.6939112242726515,1.003113733444778,0.0,0.08503149371220098,0
-0.6951760413988772,0.0,0.7188395310950745,0.0,1.0,0.0,-0.7188395310950745,0.0,-0.6951760413988772,1.0028256876278117,0.0,0.08407531406955904,0
-0.6963604343083258,0.0,0.7176922359409497,0.0,1.0,0.0,-0.7176922359409497,0.0,-0.6963604343083258,1.0025539852900516,0.0,0.08317891906963637,0
-0.6974666661109743,0.0,0.7166172267424519,0.0,1.0,0.0,-0.7166172267424519,0.0,-0.6974666661109743,1.0022984823128032,0.0,0.08234078886466234,0
-0.6984970279251137,0.0,0.715612955430366,0.0,1.0,0.0,-0.715612955430366,0.0,-0.6984970279251137,1.0020589921759382,0.0,0.08155936389903717,0
-0.6994538406794606,0.0,0.7146777768748317,0.0,1.0,0.0,-0.7146777768748317,0.0,-0.6994538406794606,1.001835287080964,0.0,0.0808330443359504,0
-0.7003394569816481,0.0,0.713809950193082,0.0,1.0,0.0,-0.713809950193082,0.0,-0.7003394569816481,1.001627099097144,0.0,0.08016018945345682,0
-0.7011562630459469,0.0,0.7130076400652683,0.0,1.0,0.0,-0.7130076400652683,0.0,-0.7011562630459469,1.0014341213270934,0.0,0.07953911701273819,0
-0.701906680673106,0.0,0.7122689180544538,0.0,1.0,0.0,-0.7122689180544538,0.0,-0.701906680673106,1.0012560090880285,0.0,0.07896810260111797,0
-0.7025931692745968,0.0,0.7115917639269567,0.0,1.0,0.0,-0.7115917639269567,0.0,-0.7025931692745968,1.001092381104727,0.0,0.0784453789527434,0
