0.16911801514614502,-0.09983341664682815,0.9805265860106237,0.01696840059343072,0.9950041652780258,0.09838081347844224,-0.9854497299884601,0.0,0.1699671429002408,0.884881045265993,-0.16138308653133115,0.57019383830366,0
0.16911801514614502,-0.09983341664682815,0.9805265860106237,0.01696840059343072,0.9950041652780258,0.09838081347844224,-0.9854497299884601,0.0,0.1699671429002408,0.884881060787874,-0.1613830781013731,0.5701938197781395,0
0.16911801514614502,-0.09983341664682815,0.9805265860106237,0.01696840059343072,0.9950041652780258,0.09838081347844224,-0.9854497299884601,0.0,0.1699671429002408,0.8848811691299292,-0.16138301926063175,0.5701936904708107,0
0.16911684322229315,-0.09983330218734789,0.9805267997933029,0.01696832239640335,0.9950041767622717,0.09838071081612285,-0.9854499324539923,5.961001839816274e-08,0.16996596902444444,0.8848814622578983,-0.16138286006225372,0.5701933406190486,0
0.16911524422828061,-0.09983314601669409,0.9805270914798929,0.016968215703195615,0.9950041924315645,0.09838057074168788,-0.985450208699282,1.4094275964662796e-07,0.169964367367167,0.884882031208107,-0.16138255106396848,0.5701926615685486,0
0.16911261680284115,-0.09983288940093753,0.9805275707658381,0.016968040388250904,0.9950042181788904,0.09838034057472003,-0.9854506626125318,2.7458600265866444e-07,0.1699617355655281,0.8848829660896647,-0.16138204332651934,0.5701915457687673,0
0.16910871028681382,-0.09983250785833682,0.9805282833655771,0.016967779727291084,0.9950042564604893,0.09837999835655117,-0.9854513374876795,4.7328843072552014e-07,0.16995782254288677,0.8848843560867781,-0.16138128841207838,0.570189886768467,0
0.16910327660399266,-0.09983197715913644,0.9805292745136635,0.016967417169220046,0.9950043097072172,0.09837952235434971,-0.9854522761637923,7.496664497338209e-07,0.1699523798098714,0.8848862894606713,-0.1613802383827152,0.5701875792109076,0
0.16909607025172652,-0.09983127332452901,0.9805305889628463,0.016966936335844555,0.9950043803246081,0.09837889106011576,-0.9854535210230864,1.1162042925056271e-06,0.16994516145496907,0.8848888535512938,-0.16137884579889486,0.5701845188288448,0
0.16908684829141934,-0.09983037262558876,0.9805322709815881,0.016966321021644134,0.9950044706929327,0.09837808318963856,-0.985455113988387,1.585254068327032e-06,0.169935924135016,0.8848921347788011,-0.16137706371800686,0.570180602439327,0
0.16907537033893436,-0.09982925158217724,0.9805343643510381,0.01696555519358825,0.9950045831672525,0.09837707768141754,-0.9854570965200491,2.1690357597266684e-06,0.16992442706559222,0.8848962186448179,-0.161374845692924,0.5701757279382944,0
0.16906139855490587,-0.09982788696182224,0.9805369123614862,0.016964622990998924,0.9950047200774704,0.09837585369554838,-0.9854595096123596,2.879637168542886e-06,0.16991043201132514,0.8849011897334903,-0.16137214577058978,0.5701697942949898,0
0.16904469763496377,-0.09982625577857127,0.9805399578083164,0.016963508725456673,0.9950048837283795,0.09837439061257573,-0.9854623937894458,3.7290138136028653e-06,0.16989370327610565,0.8849071317123396,-0.16136891849063345,0.57016270154619,0
0.1690250347998735,-0.09982433529182043,0.9805435429874838,0.016962196880748227,0.995005076399705,0.09837266803231401,-0.9854657891007075,4.728988781826701e-06,0.16987400769322059,0.8849141273329214,-0.16136511888401123,0.5701543507902633,0
0.16900217978559595,-0.09982210300512033,0.9805477096905343,0.01696067211285394,0.9950053003461481,0.09837066577263755,-0.985469735115796,5.891252534991463e-06,0.16985111461540597,0.8849222584313025,-0.16136070247167267,0.570144644181064,0
0.1689759048332716,-0.0998195366649592,0.9805524991991861,0.016958919249973378,0.9950055577974217,0.09836836386824163,-0.98547427091916,7.227362673943436e-06,0.16982479590482422,0.884931605928361,-0.161355625263251,0.5701334849216674,0
0.16894598467913202,-0.09981661425952539,0.9805579522794987,0.016956923292587044,0.9950058509582869,0.09836574256937584,-0.985479435104177,8.748743662468507e-06,0.16979482592296996,0.8849422498299192,-0.16134984375577646,0.5701207772579565,0
0.168912196544343,-0.09981331401744928,0.9805641091756415,0.016954669413552878,0.9950061820085856,0.09836278234055092,-0.9854852657668923,1.046668651241413e-05,0.16976098152050748,0.8849542692267168,-0.16134331493241108,0.5701064264720657,0
0.16887432012478323,-0.09980961440652639,0.9805710096032887,0.016952142958235532,0.9950065531032699,0.09835946385922059,-0.985491800499383,1.2392348432237072e-05,0.16972304202704452,0.884967742294231,-0.16133599626120454,0.5700903388756888,0
0.16883213758076251,-0.09980549413242228,0.9805786927426546,0.016949329444666983,0.99500696637243,0.09835576801443977,-0.9854990763827669,1.4536752440682582e-05,0.16968078924084537,0.8849827462923533,-0.16132784569386943,0.5700724218032598,0
0.16878543352668227,-0.09980093213736049,0.9805871972311917,0.01694621456373675,0.995007423921319,0.09835167590550017,-0.9855071299798747,1.691078694742589e-05,0.16963400741848775,0.8849993575649285,-0.16131882166457492,0.5700525836050115,0
0.16873399502064396,-0.09979590759879436,0.980596561155966,0.01694278417941025,0.9950079278303763,0.09834716884054502,-0.9855159973276045,1.9525205302440975e-05,0.1695824832644667,0.8850176515391641,-0.16130888308875832,0.5700307336399204,0
0.16867761155400757,-0.09979039992806385,0.9806068220457332,0.01693902432897359,0.9950084801552482,0.09834222833516366,-0.9855257139289758,2.2390625315891218e-05,0.16952600592074984,0.8850377027249167,-0.16129798936195286,0.5700067822685442,0
0.16861607504090448,-0.09978438876903825,0.980618016862728,0.01693492122330341,0.9950090829268069,0.09833683611096783,-0.9855363147449009,2.5517528750239058e-05,0.16946436695628714,0.885059584713863,-0.1612861003586311,0.5699806408457587,0
0.168549179807709,-0.09977785399674577,0.9806301819941872,0.01693046124716024,0.995009738151167,0.09833097409415031,-0.9855478341856914,2.8916260786174105e-05,0.1693973603564792,0.8850833701785622,-0.16127317643106284,0.5699522217134003,0
0.16847672258247146,-0.09977077571599106,0.9806433532436236,0.016925630959503876,0.9950104478097017,0.09832462441402766,-0.9855603061023164,3.259702946412661e-05,0.1693247825126081,0.885109130871415,-0.16125917840818654,0.5699214381928215,0
0.16839850248431731,-0.09976313425996135,0.9806575658218664,0.016920417093829358,0.9950112138590556,0.09831776940156788,-0.9855737637774304,3.656990510294033e-05,0.16924643221123395,0.8851369376235287,-0.16124406759449358,0.5698882045773646,0
0.16831432101281515,-0.09975491018882235,0.9806728543378851,0.01691480655852228,0.9950120382311566,0.09831039158790426,-0.9855882399161846,4.084481969713888e-05,0.16916211062356104,0.8851668603434919,-0.16122780576892393,0.5698524361247612,0
0.1682239820373183,-0.09974608428830495,0.9806892527894135,0.01690878643723179,0.995012922833228,0.09830247370283687,-0.9856037666368407,4.5431566294631094e-05,0.1690716212947776,0.8851989680160662,-0.16121035518377258,0.5698140490494636,0
0.1681272917862831,-0.09973663756828316,0.9807067945533889,0.016902343989260295,0.9950138695477957,0.09829399867332228,-0.9856203754612008,5.0339798356020053e-05,0.16897477013337214,0.8852333287008023,-0.1611916785636063,0.5697729605149122,0
0.1680240588365672,-0.0997265512613446,0.9807255123762225,0.016895466649968174,0.9950148802326979,0.09828494962195321,-0.9856380973048705,5.557902909731556e-05,0.16887136540043107,0.8852700095305835,-0.16117173910418875,0.5697290886257482,0
0.16791409410271263,-0.09971580682135442,0.980745438363917,0.016888142031192637,0.9950159567210911,0.09827530986542886,-0.9856569624673684,6.115863081724231e-05,0.1687612176989199,0.8853090767101058,-0.16115050047141408,0.569682352419975,0
0.16779721082621604,-0.09970438592201311,0.9807666039720442,0.016880357921679027,0.9950171008214567,0.09826506291301722,-0.9856770006220995,6.708783421079119e-05,0.168644139962953,0.8853505955142983,-0.1611279268002478,0.5696326718610755,0
0.16767322456479053,-0.09969227045540961,0.9807890399956001,0.01687210228752376,0.9950183143176049,0.09825419246501026,-0.9856982408062037,7.337572767019205e-05,0.16851994744705423,0.885394630286689,-0.1611039826936739,0.5695799678300901,0
0.16754195318162246,-0.09967944253057001,0.9808127765587487,0.01686336327262747,0.9950195989686801,0.09824268241117318,-0.9857207114102972,8.003125657479314e-05,0.1683884577154133,0.8854412444377242,-0.16107863322164784,0.5695241621176623,0
0.16740321683462672,-0.09966588447200331,0.9808378431044718,0.016854129199157127,0.9950209565091624,0.09823051682918883,-0.9857444401681184,8.706322257123404e-05,0.1682494906311404,0.8854905004430437,-0.16105184392005392,0.5694651774160558,0
0.16725683796570404,-0.09965157881824425,0.9808642683841355,0.016844388568016302,0.9950223886488723,0.09821767998309813,-0.9857694541460919,9.448028284499083e-05,0.16810286834552302,0.8855424598417186,-0.1610235807896672,0.5694029373111509,0
0.167102641290004,-0.09963650832039496,0.98089208044699,0.016834130059322064,0.9950238970729706,0.09820415632173767,-0.9857957797328258,0.00010229094938482661,0.16794841528728868,0.8855971832344576,-0.16099381029511822,0.5693373662744221,0
0.16694045378519712,-0.09962065594066528,0.9809213066296113,0.016823342532887774,0.9950254834419612,0.09818993047717546,-0.9858234426285538,0.00011050358824115983,0.16778595815187689,0.8856547302817835,-0.16096249936386045,0.5692683896549071,0
0.16677010468075956,-0.09960400485091336,0.9809519735453045,0.016812015028710447,0.9950271493916916,0.09817498726314577,-0.985852467834535,0.00011912641877977434,0.16761532589072345,0.8857151597021896,-0.16092961538513936,0.569195933671167,0
0.166591425447274,-0.09958653843118671,0.980984107073473,0.016800136767461848,0.9950288965333532,0.098159311673484,-0.9858828796424248,0.000128167512931849,0.16743634970056145,0.8857785292702761,-0.16089512620896249,0.5691199254032474,0
0.16640424978574983,-0.0995682402682648,0.9810177323489738,0.016787697150982158,0.9950307264534822,0.09814288888056256,-0.9859147016236287,0.00013763479444162425,0.1672488630127412,0.8858448958148738,-0.1608590001450699,0.5690402927846421,0
0.16620841361696634,-0.09954909415420386,0.9810528737514654,0.016774685762775292,0.9950326407139592,0.09812570423372884,-0.98594795661865,0.00014753603811277607,0.16705270148257367,0.885914315217159,-0.16082120596190413,0.5689569645942664,0
0.1660037550708423,-0.09952908408488455,0.9810895548947627,0.01676109236850493,0.9950346408520091,0.09810774325774575,-0.9859826667264461,0.00015787886905458906,0.16684770297869989,0.8859868424087636,-0.1607817128855791,0.5688698704484443,0
0.16579011447583497,-0.0995081942585634,0.9811277986162096,0.016746906916490292,0.9950367283802011,0.0980889916512364,-0.9860188532937997,0.0001686707619289893,0.16663370757249002,0.8860625313698846,-0.16074049059884718,0.568778940792914,0
0.16556733434837198,-0.09948640907442839,0.9811676269660806,0.016732119538200738,0.9950389047864483,0.09806943528513302,-0.9860565369047222,0.00017991904019956878,0.16641055752747538,0.8861414351273977,-0.16069750924006393,0.5686841068948558,0
0.1653352593823196,-0.09946371313115997,0.9812090611970231,0.01671672054874828,0.9950411715340075,0.09804906020113166,-0.9860957373698946,0.00019163087538352243,0.16617809728881672,0.8862236057529794,-0.1606527394021497,0.5685853008349492,0
0.16509373643849026,-0.09944009122549746,0.9812521217535497,0.01670070044737723,0.9950435300614788,0.09802785261015311,-0.9861364737161613,0.0002038132863075871,0.16593617347281162,0.8863090943612394,-0.16060615213154744,0.5684824554994609,0
0.1648426145341927,-0.09941552835081205,0.981296828261592,0.016684049917950042,0.9950459817828066,0.09800579889081104,-0.9861787641760833,0.00021647313836888158,0.16568463485644483,0.8863979511078698,-0.1605577189271765,0.5683755045723702,0
0.1645817448328278,-0.09939000969568697,0.9813431995181264,0.016666759829428543,0.9950485280872784,0.09798288558788805,-0.9862226261775634,0.0002296171428016421,0.1654233323669839,0.8864902251878133,-0.16050741173938116,0.5682643825275351,0
0.1643109806335332,-0.09936352064250518,0.9813912534808802,0.016648821236349837,0.9950511703395264,0.09795909941082065,-0.9862680763335527,0.00024325185595076105,0.16515211907162386,0.8865859648334544,-0.16045520296887386,0.5681490246209032,0
0.16403017736087988,-0.09933604676604575,0.9814410072581297,0.01663022537929597,0.9950539098795281,0.09793442723219363,-0.9863151304318473,0.000257383678553039,0.16487085016718359,0.8866852173128369,-0.1604010654656723,0.5680293668827721,0
0.1637391925546237,-0.09930757383208881,0.9814924770985992,0.016610963685356698,0.9950567480226075,0.09790885608624493,-0.9863638034249856,0.00027201885502702895,0.1645793829698571,0.8867880289279113,-0.16034497252802982,0.5679053461101031,0
0.16343788585951444,-0.09927808779603059,0.9815456783814678,0.016591027768584607,0.9950596860594362,0.09788237316738138,-0.9864141094202548,0.0002871634727722626,0.16427757690502232,0.8868944450128157,-0.16028689790135883,0.5677768998588923,0
0.1631261190151661,-0.09924757480150823,0.9816006256064984,0.016570409430441763,0.9950627252560365,0.09785496582870651,-0.986466061669816,0.00030282346147886914,0.1639652934971111,0.8870045099321932,-0.16022681577714626,0.5676439664366018,0
0.16280375584599016,-0.0992160211790357,0.9816573323842899,0.01654910066023742,0.9950658668537833,0.09782662158056053,-0.9865196725609562,0.00031900459244810025,0.16364239635954198,0.8871182670795482,-0.1601647007918608,0.5675064848946565,0
0.1624706622511959,-0.09918341344465093,0.9817158114266701,0.016527093635555802,0.9950691120694078,0.09779732808907392,-0.9865749536064755,0.00033571247792489833,0.16330875118471994,0.8872357588756469,-0.16010052802585165,0.56736439502101,0
0.1621267061948593,-0.09914973829857482,0.9817760745372285,0.016504380722673632,0.995072462095001,0.09776707317473451,-0.9866319154352177,0.00035295257044292317,0.16296422573410463,0.8873570267669612,-0.16003427300223771,0.5672176373327805,0
0.16177175769606414,-0.09911498262388284,0.9818381326020055,0.016480954476966445,0.9950759180980185,0.09773584481096946,-0.9866905677827543,0.0003707301621831163,0.16260868982835072,0.8874821112241635,-0.15996591168578728,0.5670661530689647,0
0.16140568881911713,-0.09907913348518946,0.9819019955803381,0.01645680764330336,0.9950794812212854,0.09770363112274211,-0.9867509194822256,0.0003890503843462008,0.16224201533752222,0.8876110517406715,-0.1598954204817873,0.5669098841832282,0
0.1610283736638405,-0.0990421781273463,0.9819676724958768,0.016431933156429438,0.995083152583003,0.09767042038516498,-0.9868129784553511,0.00040791820654011596,0.16186407617138393,0.8877438868312468,-0.15982277623490226,0.5667487733367802,0
0.1606396883559437,-0.09900410397415396,0.9820351714277753,0.016406324141335298,0.9950869332767545,0.09763620102212889,-0.986876751703613,0.000427338436182795,0.16147474826977196,0.8878806540306516,-0.159747956228022,0.5665827638913322,0
0.16023951103747716,-0.09896489862708877,0.9821044995020644,0.016379973913613156,0.9950908243715137,0.0976009616049494,-0.986942245299622,0.0004473157179212458,0.16107390959304646,0.888021389892363,-0.15967093818109745,0.5664117999021466,0
0.15982772185737035,-0.09892454986404407,0.9821756628832132,0.016352875979799005,0.9950948269116529,0.09756469085103053,-0.9870094643786717,0.0004678545330672191,0.16066144011262784,0.8881661299873503,-0.15959170024996538,0.566235826111175,0
0.15940420296205632,-0.09888304563808724,0.9822486667658895,0.01632502403770015,0.9950989419169521,0.09752737762254704,-0.9870784131304868,0.000488959199050468,0.1602372218016201,0.8883149089029159,-0.15951022102515983,0.5660547879402933,0
0.1589688384861851,-0.09884037407623247,0.98232351536692,0.016296411976707788,0.9951031703826103,0.09748901092514499,-0.9871490947911761,0.0005106338688898586,0.15980113862552206,0.8884677602416026,-0.15942647953071154,0.5658686314846322,0
0.15852151454342794,-0.09879652347822986,0.9824002119174615,0.016267033878093966,0.9951075132792557,0.09744957990666185,-0.9872215116353911,0.0005328825306831976,0.1593530765330302,0.8886247166201702,-0.15934045522293383,0.5656773035060095,0
0.15806211921737476,-0.0987514823153712,0.9824787586553866,0.01623688401529255,0.9951119715529586,0.0974090738558662,-0.9872956649686995,0.0005557090071161337,0.15889292344693345,0.8887858096686425,-0.15925212798919525,0.5654807514264641,0
0.1575905425525263,-0.09870523922931299,0.9825591568178907,0.01620595685416366,0.9951165461252448,0.09736748220121771,-0.9873715551201794,0.0005791169549908098,0.1584205692551035,0.8889510700294275,-0.15916147814667822,0.565278923321896,0
0.15710667654538352,-0.09865778303091688,0.982641406634327,0.01617424705324111,0.99512123789311,0.09732479450964783,-0.9874491814352396,0.0006031098647747889,0.15793590580158157,0.8891205273565137,-0.1590684864411235,0.5650717679158143,0
0.15661041513563573,-0.09860910269910804,0.9827255073192721,0.01614174946396247,0.9951260477290351,0.09728100048536156,-0.987528542268671,0.0006276910601706576,0.15743882687776375,0.8892942103147413,-0.1589731340455604,0.5648592345731948,0
0.15610165419744887,-0.09855918737975174,0.9828114570658317,0.01610845913088131,0.9951309764810033,0.09723608996866093,-0.9876096349779343,0.0006528636977069311,0.15692922821368677,0.8894721465791555,-0.1588754025590217,0.5646412732944516,0
0.15558029153085662,-0.09850802638454871,0.9828992530391885,0.01607437129186108,0.9951360249725182,0.09719005293479044,-0.9876924559166912,0.0006786307663507373,0.15640700746941585,0.8896543628344382,-0.15877527400524374,0.5644178347095223,0
0.15504622685325514,-0.09845560918994908,0.9829888913703985,0.016039481378250415,0.9951411940026215,0.097142879492805,-0.9877770004285813,0.0007049950871426564,0.1558720642265361,0.889840884774424,-0.1586727308313511,0.5641888700720713,0
0.15449936179100268,-0.09840192543608597,0.9830803671504399,0.016003785015039382,0.9951464843459155,0.09709455988446056,-0.9878632628412523,0.0007319593128541749,0.155324299979749,0.8900317371017002,-0.15856775590652536,0.563954331253811,0
0.1539395998711268,-0.09834696492572839,0.9831736744245214,0.01596727802099624,0.9951518967525826,0.09704508448312804,-0.9879512364606451,0.0007595259276683466,0.1547636181285757,0.8902269435272934,-0.15846033252065778,0.5637141707389455,0
0.15336684651313917,-0.09829071762325399,0.9832688061866506,0.015929956408784484,0.9951574319484093,0.09699444379273084,-0.9880409135655411,0.0007876972468838476,0.15418992396916803,0.8904265267704432,-0.15835044438298612,0.5634683416187358,0
0.15278100902095992,-0.09823317365364193,0.9833657543744702,0.015891816385059668,0.9951630906348102,0.09694262844670605,-0.988132285402375,0.0008164754166429991,0.15360312468622864,0.8906305085584667,-0.1582380756207145,0.5632167975861911,0
0.15218199657495257,-0.09817432330148636,0.9834645098643653,0.01585285435054579,0.9951688734888529,0.0968896292069901,-0.9882253421803153,0.0008458624136840971,0.15300312934504184,0.890838909626713,-0.1581232107776167,0.5629594929308858,0
0.15156972022407067,-0.09811415701003004,0.9835650624668446,0.015813066900090864,0.9951747811632853,0.09683543696302872,-0.9883200730666205,0.000875860045118368,0.15238984888361548,0.8910517497186106,-0.15800583481262245,0.5626963825339039,0
0.15094409287811697,-0.09805266538021933,0.9836674009222005,0.015772450822701314,0.9951808142865636,0.09678004273081188,-0.9884164661822707,0.0009064699482320382,0.15176319610493538,0.8912690475858089,-0.15788593309838636,0.5624274218629146,0
0.15030502930011636,-0.09798983916977975,0.9837715128964509,0.01573100310155503,0.9951869734628823,0.09672343765193357,-0.9885145085978809,0.0009376935903136975,0.1511230856693333,0.8914908209884154,-0.15776349141983978,0.5621525669673778,0
0.14965244609880307,-0.09792566929231325,0.9838773849775678,0.01568872091399254,0.9951932592722044,0.09666561299267713,-0.9886141863298986,0.0009695322685074734,0.15046943408696872,0.8917170866953282,-0.15763849597272453,0.5618717744738817,0
0.14898626172122295,-0.09786014681641653,0.9839850026719944,0.015645601631486317,0.9951996722702944,0.09660656014312599,-0.9887154843370888,0.0010019871096921997,0.14980215971042576,0.8919478604846689,-0.15751093336210925,0.5615850015816153,0
0.14830639644545138,-0.09779326296482123,0.9840943504014531,0.015601642819587756,0.9952062129887524,0.0965462706163002,-0.9888183865173092,0.0010350590703868672,0.14912118272742536,0.8921831571443125,-0.15738079060088758,0.5612922060579745,0
0.14761277237342774,-0.09772500911355583,0.9842054115000517,0.015556842237851502,0.9952128819350491,0.09648473604731905,-0.9889228757045806,0.0010687489366828589,0.1484264251536536,0.8924229904725195,-0.15724805510825818,0.5609933462343045,0
0.1469053134239066,-0.09765537679112933,0.9843181682116846,0.015511197839737109,0.9952196795925622,0.09642194819258969,-0.9890289336664525,0.0011030573242029862,0.14771781082570654,0.8926673732786686,-0.15711271470818636,0.5606883810017799,0
0.1461839453255255,-0.09758435767773715,0.9844326016877373,0.015464707772487547,0.9952266064206162,0.09635789892902222,-0.9891365411016697,0.0011379846780877876,0.14699526539415173,0.892916317384093,-0.15697475762784754,0.5603772698074211,0
0.1454485956099904,-0.0975119436044891,0.9845486919850924,0.01541737037698449,0.9952336628545209,0.09629258025327118,-0.9892456776381388,0.0011735312730092016,0.14625871631670675,0.8931698336230206,-0.15683417249605178,0.5600599726502509,0
0.14469919360537878,-0.0974381265526595,0.9846664180644432,0.01536918418758005,0.9952408493056142,0.09622598428100375,-0.9893563218312001,0.0012096972132120188,0.14550809285153524,0.8934279318436179,-0.1566909483416497,0.5597364500775893,0
0.1439356704295599,-0.09736289865295984,0.9847857577889144,0.01532014793190477,0.9952481661613041,0.09615810324619459,-0.9894684511622074,0.0012464824325832467,0.1447433260506597,0.8936906209091423,-0.1565450745919198,0.5594066631814901,0
0.14315795898373262,-0.09728625218483351,0.9849066879229935,0.015270260530651739,0.9952556137851141,0.09608892950044763,-0.9895820420374137,0.001283886694749551,0.1439643487534921,0.8939579086991992,-0.15639654107093637,0.5590705735953161,0
0.14236599394608113,-0.09720817957577339,0.9850291841317741,0.015219521097336519,0.9952631925167291,0.09601845551234478,-0.9896970697871709,0.0013219095932031784,0.14317109558048113,0.8942298021111081,-0.1562453379979188,0.5587281434904571,0
0.1415597117655467,-0.0971286734006615,0.9851532209805147,0.015167928938032742,0.9952709026720437,0.09594667386682157,-0.9898135086654386,0.0013605505514563477,0.14236350292687655,0.8945063070613777,-0.15609145598556143,0.5583793355731891,0
0.14073905065571754,-0.09704772638113149,0.9852787719345121,0.015115483551083242,0.9952787445432116,0.09587357726456998,-0.9899313318496108,0.0013998088232244528,0.14154150895661002,0.8947874284872899,-0.15593488603834457,0.5580241130816754,0
0.13990395058883442,-0.09696533138495345,0.985405809359293,0.015062184626786443,0.995286718398697,0.09579915852146828,-0.9900505114406566,0.0014396834926381854,0.14070505359629218,0.8950731703485953,-0.1557756195508258,0.5576624397831099,0
0.13905435328991197,-0.09688148142544133,0.9855343045211243,0.01500803204705794,0.9952948244833274,0.09572341056803806,-0.9901710184635777,0.0014801734744847414,0.13985407852932497,0.89536353562932,-0.1556136483059123,0.5572942799710032,0
0.1381902022309757,-0.09679616966088277,0.9856642275878453,0.01495302588506703,0.995303063018348,0.09564632644892836,-0.990292822868187,0.0015212775144783281,0.13898852719012955,0.8956585263396836,-0.1554489644731135,0.5569195984626107,0
0.13731144262541353,-0.09670938939399151,0.9857955476300189,0.014897166404848118,0.9953114342014788,0.09556789932242697,-0.9904158935302048,0.0015629941895600355,0.13810834475848793,0.8959581435181317,-0.15528156060677464,0.5565383605965042,0
0.13641802142244105,-0.09662113407138209,0.9859282326224087,0.014840454060886752,0.9953199382069722,0.09548812245999885,-0.9905401982526771,0.0016053219082273222,0.13721347815399854,0.8962623872334808,-0.15511142964429075,0.5561505322302844,0
0.13550988730167943,-0.09653139728306702,0.9860622494457765,0.0147828894976803,0.9953285751856729,0.09540698924585153,-0.9906657037677167,0.00164825891089309,0.13630387603064392,0.8965712565871783,-0.15493856490430086,0.555756079738438,0
0.1345869906678458,-0.09644017276197611,0.9861975638890077,0.014724473549272948,0.995337345265079,0.09532449317652766,-0.990792375738565,0.0016918032702746592,0.13537948877147057,0.896884749715677,-0.1547629600848632,0.5553549700103347,0
0.1336492836455537,-0.09634745438349805,0.9863341406515593,0.014665207238765096,0.9953462485494068,0.09524062786052441,-0.9909201787619798,0.001735952891812537,0.1344402684833789,0.8972028637929259,-0.15458460926161063,0.554947170448368,0
0.1326967200742239,-0.09625323616504418,0.986471943346236,0.014605091777796814,0.9953552851196542,0.09515538701793984,-0.991049076370946,0.0017807055141193528,0.13348616899202248,0.897525595032977,-0.15440350688588664,0.5545326489662361,0
0.13172925550310305,-0.09615751226563402,0.9866109345022903,0.014544128566005524,0.9953644550336697,0.09506876448014587,-0.99117903103771,0.0018260587094586997,0.1325171458368158,0.8978529386927085,-0.15421964778286182,0.5541113739873645,0
0.13074684718638954,-0.0960602769855028,0.9867510755688526,0.014482319190457496,0.9953737583262188,0.09498075418948813,-0.9913100041771415,0.001872009884254342,0.13153315626604817,0.8981848890746666,-0.15403302714963105,0.5536833144434696,0
0.12974945407846497,-0.09596152476573067,0.9868923269186848,0.014419665425053347,0.9953831950090568,0.09489135019901215,-0.9914419561504191,0.001918556279629535,0.13053415923210315,0.8985214395300238,-0.1538436405532911,0.5532484397732612,0
0.12873703682922932,-0.0958612501878934,0.9870346478522645,0.014356169229907198,0.9953927650710003,0.09480054667221603,-0.9915748462690408,0.0019656949719768038,0.12952011538678163,0.898862582461657,-0.15365148392899888,0.5528067199212852,0
0.12770955777953896,-0.09575944797373455,0.9871779966021934,0.01429183275069962,0.9954024684780011,0.09470833788282934,-0.9917086327991607,0.002013422873557974,0.12849098707672693,0.8992083093273435,-0.15345655357801044,0.5523581253369045,0
0.1266669809567446,-0.09565611298485871,0.9873223303379355,0.014226658318004196,0.9954123051732239,0.09461471821461802,-0.9918432729662515,0.002061736733134685,0.12744673833894998,0.8995586106430775,-0.1532588461657006,0.5519026269734177,0
0.12560927207032896,-0.09555124022244586,0.9874676051708807,0.014160648446587529,0.9954222750771229,0.09451968216121524,-0.9919787229600915,0.002110633136629426,0.12638733489645362,0.8999134759865055,-0.1530583587195634,0.5514401962873152,0
0.12453639850764023,-0.09544482482698648,0.9876137761597354,0.01409380583468286,0.9954323780875225,0.09442322432597786,-0.9921149379400757,0.0021601085078169617,0.12531274415395255,0.9002728940004823,-0.15285508862719333,0.5509708052376697,0
0.1234483293297214,-0.09533686207803717,0.9877607973162398,0.01402613336323702,0.9954426140796998,0.09432533942186833,-0.9922518720408529,0.002210159109046357,0.12422293519368859,0.9006368523967476,-0.15264903363424775,0.550494426285664,0
0.12234503526723192,-0.09522734739399674,0.987908621611211,0.01395763409513078,0.9954529829064673,0.09422602227136202,-0.9923894783782857,0.002260781041993515,0.12311787877133823,0.9010053379597243,-0.15244019184238994,0.5500110323942504,0
0.12122648871646026,-0.0951162763319023,0.9880572009809104,0.013888311274372487,0.9954634843982595,0.09412526780637931,-0.9925277090557341,0.0023119702484442595,0.12199754731201044,0.9013783365504365,-0.1522285617072136,0.5495205970279441,0
0.12009266373542442,-0.09500364458724525,0.9882064863337372,0.013818168325265032,0.9954741183632204,0.09402307106824247,-0.9926665151706614,0.0023637225111079463,0.1208619149063325,0.9017558331105512,-0.1520141420361483,0.5490230941527473,0
0.11894353604005943,-0.09488944799380679,0.9883564275572441,0.01374720885154602,0.9954848845872938,0.09391942720765717,-0.9928058468215621,0.002416033454461639,0.11971095730662192,0.9021378116665403,-0.15179693198634658,0.5485184982362045,0
0.11777908300048733,-0.09477368252351275,0.9885069735254763,0.01367543663550111,0.9954957828343142,0.09381433148471807,-0.9929456531152108,0.0024688985456247747,0.1185446519231412,0.9025242553339657,-0.1515769310625521,0.5480067842475853,0
0.11659928363736963,-0.09465634428630744,0.9886580721066329,0.013602855637050612,0.9955068128461009,0.09370777926893831,-0.9930858821742304,0.002522313095264334,0.11736297782043395,0.9029151463218871,-0.15135413911494977,0.5474879276581958,0
0.11540411861833723,-0.09453742953004615,0.9888096701710478,0.013529469992809198,0.9955179743425537,0.09359976603930263,-0.9932264811449796,0.002576272258530461,0.11616591571373892,0.903310465937391,-0.15112855633699715,0.5469619044418144,0
0.11419357025449699,-0.09441693464040615,0.9889617135994904,0.013455284015118767,0.9955292670217513,0.09349028738434378,-0.9933673962057562,0.00263077103602251,0.11495344796547977,0.9037101945902448,-0.1509001832632381,0.5464286910752542,0
0.11296762249701149,-0.09429485614081559,0.9891141472917854,0.013380302191054436,0.9955406905600497,0.09337933900224195,-0.9935085725753194,0.0026858042747854942,0.11372555858182788,0.9041143117976724,-0.15066902076709818,0.5458882645390457,0
0.11172626093374895,-0.09417119069240021,0.9892669151757474,0.01330452918140372,0.995552244612185,0.09326691670094668,-0.9936499545217243,0.0027413666693367773,0.11248223320933501,0.9045227961892537,-0.15043507005866216,0.5453406023182426,0
0.11046947278600125,-0.09404593509394743,0.9894199602164331,0.013227969819618768,0.9955639288113775,0.09315301639832116,-0.9937914853714708,0.0027974527627231158,0.11122345913163348,0.9049356255119467,-0.15019833268243404,0.5447856824033455,0
0.10919724690526579,-0.09391908628188747,0.9895732244257045,0.013150629110741809,0.9955757427694365,0.09303763412230838,-0.9939331075189627,0.0028540569476078123,0.10994922526620039,0.9053527766352346,-0.14995881051507923,0.5442234832913443,0
0.10790957377008997,-0.09379064133029112,0.9897266488721066,0.013072512230303722,0.9955876860768698,0.09292076601111883,-0.9940747624362797,0.0029111734673880293,0.10865952216118338,0.9057742255563952,-0.1497165057631497,0.5436539839868757,0
0.10660644548297343,-0.0936605974508837,0.9898801736910531,0.012993624523195812,0.995599758302992,0.0928024083134393,-0.9942163906832535,0.00296879641734209,0.1073543419922844,0.906199947405894,-0.14947142096079177,0.5430771640034943,0
0.10528785576732631,-0.09352895199307504,0.9900337380953216,0.01291397150251478,0.9956119589960387,0.09268255738866255,-0.9943579319178536,0.00302691974580672,0.10603367855969872,0.906629916452902,-0.14922355896743683,0.5424930033650563,0
0.10395379996447912,-0.09339570244400487,0.990187280385855,0.012833558848380883,0.9956242876832789,0.09256120970713705,-0.994499324906875,0.0030855372553841675,0.1046975272851056,0.9070641061109361,-0.14897292296547537,0.541901482607213,0
0.1026042750307424,-0.0932608464286033,0.9903407379628671,0.012752392406729443,0.9956367438711332,0.09243836185043702,-0.9946405075369295,0.0031446426041789803,0.10334588520870781,0.907502488943624,-0.1487195164579145,0.5413025827790113,0
0.10123927953451103,-0.093124381709666,0.9904940473372496,0.012670478188075597,0.9956493270452907,0.09231401051165161,-0.994781416825736,0.003204229307064453,0.10197875098631629,0.907945036670592,-0.14846334326601893,0.5406962854446004,0
0.09985881365341158,-0.09298630618794365,0.99064714414228,0.012587822366252423,0.9956620366708308,0.09218815249569332,-0.9949219889337098,0.0032642907369785494,0.1005961248864765,0.9083917201734778,-0.1482044075269357,0.5400825726850426,0
0.09846287917148824,-0.09284661790224513,0.9907999631456268,0.012504431277122504,0.9956748721923451,0.09206078471962498,-0.995062159175846,0.00332482012624918,0.09919800878763375,0.9088425095020654,-0.1479427136913031,0.5394614271002243,0
0.09705147947642381,-0.09270531502955409,0.9909524382616496,0.012420311417262936,0.9956878330340635,0.0919319042130049,-0.9952018620338969,0.003385810567948707,0.09778440617533282,0.909297373880544,-0.14767826652084393,0.5388328318108666,0
0.0956246195567927,-0.09256239588515855,0.9911045025639919,0.012335469442623844,0.9957009185999806,0.09180150811824964,-0.9953410311688394,0.0034472550172775875,0.09635532213944956,0.909756281713891,-0.1474110710859428,0.5381967704606334,0
0.09418230599934198,-0.09241785892279278,0.9912560882984643,0.01224991216716054,0.9957141282739848,0.09166959369101399,-0.9954795994336312,0.0035091462929768822,0.09491076337144973,0.910219200594377,-0.14714113276320887,0.5375532272183315,0
0.09272454698629724,-0.09227170273479139,0.9914071268962152,0.012163646561439338,0.9957274614199902,0.09153615830058778,-0.9956174988862511,0.0035714770787696093,0.09345073816167257,0.9106860973081948,-0.14686845723302272,0.536902186780206,0
0.09125135229268876,-0.09212392605225475,0.9915575489871853,0.01207667975121716,0.9957409173820706,0.09140119943030876,-0.9957546608030223,0.0036342399248306457,0.0919752563966343,0.911156937842211,-0.14659305047706914,0.5362436343723217,0
0.0897627332836951,-0.09197452774522562,0.991707284413845,0.011989019015994879,0.9957544954845944,0.09126471467799122,-0.9958910156922163,0.003697427249285171,0.09048432955634869,0.9116316873908397,-0.146314918775855,0.5355775557530346,0
0.08825870291200019,-0.09182350682287621,0.9918562622452107,0.01190067178754477,0.9957681950323635,0.09112670175636996,-0.9960264933079321,0.0037610313397352805,0.08897797071166043,0.9121103103630394,-0.146034068706213,0.5349039372155453,0
0.0867392757151593,-0.09167086243370538,0.9920044107911367,0.011811645648411825,0.9957820153107529,0.09098715849355879,-0.9961610226642508,0.0038250443548147653,0.0874561945215876,0.9125927703894318,-0.1457505071387911,0.5342227655905366,0
0.0852044678129713,-0.09151659386574532,0.9921516576168788,0.011721948330389328,0.9957959555858542,0.09084608283352325,-0.9962945320496585,0.003889458325771714,0.08591901723066939,0.9130790303295421,-0.14546424123552873,0.533534028248888,0
0.08365429690485217,-0.0913607005467774,0.9922979295579312,0.011631587712968627,0.9958100151046192,0.09070347283656699,-0.9964269490417399,0.003954265158078872,0.0843664566663152,0.9135690522791612,-0.14517527844711908,0.5328377131044687,0
0.08208878226720684,-0.09120318204455657,0.992443152735125,0.0115405718217633,0.9958241930950072,0.0905593266798312,-0.996558200522134,0.00401945663307139,0.08279853223615154,0.9140627975778286,-0.14488362651045836,0.5321338086170041,0
0.08050794475079431,-0.09104403806704353,0.9925872525699944,0.011448908826907763,0.9958384887661351,0.09041364265780662,-0.9966882126917503,0.004085024409611971,0.0812152649253616,0.9145602268164368,-0.14458929344608204,0.5314223037950123,0
0.07891180677808315,-0.09088326846264476,0.9927301538003998,0.011356607041430569,0.9958529013084267,0.09026641918285744,-0.996816911086246,0.0041509600257829725,0.07961667729401517,0.9150612998449552,-0.14429228755558865,0.5307031881988106,0
0.07730039234059237,-0.09072087322045921,0.9928717804964082,0.011263674919602406,0.995867429893769,0.09011765478575678,-0.996944220591752,0.004217254900605311,0.07800279347438342,0.9155659757802749,-0.1439926174190511,0.5299764519435863,0
0.07567372699621505,-0.09055685247053172,0.9930120560764267,0.011170121055259,0.9958820736756654,0.08996734811623289,-0.9970700654608546,0.004283900335784074,0.07637363916823586,0.9160742130141721,-0.14369029189241583,0.5292420857025321,0
0.07403183786651853,-0.090391206484112,0.9931509033235847,0.011075954180099093,0.9958968317893963,0.08981549794352577,-0.9971943693288213,0.004350887517480325,0.07472924164411393,0.9165859692213912,-0.14338532010489075,0.5285000807100382,0
0.07237475363401935,-0.09022393567391926,0.9932882444023605,0.010981183161957586,0.9959117033521775,0.08966210315695329,-0.9973170552300699,0.004418207518109087,0.07306962973457837,0.9171012013678459,-0.14307771145632087,0.5277504287649455,0
0.07070250453942725,-0.09005504059441145,0.9934240008754526,0.010885817003054028,0.9959266874633242,0.0895071627664867,-0.9974380456148784,0.00448585129816318,0.07139483383342576,0.9176198657189384,-0.1427674756145537,0.5269931222338493,0
0.06901512237885517,-0.08988452194205884,0.9935580937208852,0.010789864838216688,0.9959417832044152,0.08935067590333447,-0.9975572623663288,0.0045538097080625355,0.0697048858928705,0.9181419178479959,-0.14245462251279326,0.5262281540544567,0
0.06731264050098988,-0.08971238055562127,0.9936904433493501,0.010693335933082273,0.9959569896394604,0.08919264182053412,-0.9976746268174843,0.004622073490028893,0.06799981942068686,0.9186673126448245,-0.14213916234694385,0.5254555177389902,0
0.0655950938042211,-0.08953861741642857,0.9938209696217775,0.010596239682271517,0.9959723058150699,0.0890330598935515,-0.9977900597687929,0.004690633279985496,0.06627966947730954,0.9191960043243779,-0.1418211055729435,0.5246752073776382,0
0.06386251873372238,-0.08936323364866351,0.9939495918671326,0.010498585607540885,0.9959877307606261,0.08887192962088665,-0.9979034815057146,0.004759479609481487,0.06454447267288527,0.9197279464355425,-0.14150046290408771,0.523887217642046,0
0.06211495327848266,-0.08918623051964673,0.9940762289004341,0.01040038335591051,0.9960032634884571,0.08870925062468592,-0.9980148118165691,0.004828602907640781,0.06279426716427466,0.9202630918700372,-0.1411772453083436,0.5230915437888481,0
0.06035243696828108,-0.08900760944012323,0.9942007990409906,0.010301642697768553,0.9960189029940134,0.08854502265135955,-0.9981239700105979,0.004897993503135081,0.06102909265199731,0.9208013928714273,-0.14085146400565488,0.5222881816632338,0
0.05857501087060357,-0.08882737196454965,0.9943232201308486,0.010202373524952287,0.9960346482560462,0.08837924557220418,-0.9982308749362373,0.004967641626180663,0.059248990377117894,0.9213428010442504,-0.14052313046523787,0.5214771277025475,0
0.05678271758749619,-0.08864551979138181,0.9944434095534519,0.010102585848806007,0.9960504982367877,0.08821191938402966,-0.9983354449995984,0.005037537410558771,0.057454003118068815,0.9218872673632568,-0.14019225640286936,0.5206583789399192,0
0.054975601252350036,-0.08846205476336214,0.9945612842525022,0.010002289798216109,0.9960664518821352,0.08804304420978948,-0.9984375981831488,0.005107670895659114,0.05564417518740416,0.9224347421827599,-0.13985885377816581,0.5198319330079201,0
0.053153707526615794,-0.08827697886780604,0.9946767607510231,0.009901495617623391,0.9960825081218344,0.08787262029921442,-0.9985372520645932,0.005178032028546286,0.05381955242848249,0.922985175246098,-0.13952293479185512,0.5189977881422434,0
0.05131708359644173,-0.08809029423688709,0.9947897551706163,0.009800213665013003,0.9960986658696693,0.08770064802944841,-0.9986343238359454,0.005248610666048702,0.051980182212073234,0.9235385156952061,-0.13918451188304073,0.5181559431854044,0
0.049465778169231936,-0.08790200314791995,0.9949001832509105,0.009698454409882158,0.9961149240236495,0.08752712790568633,-0.9987287303227896,0.005319396576869682,0.0501261134328826,0.9240947120802957,-0.13884359772645863,0.5173063975904585,0
0.04759984147012167,-0.08771210802364102,0.9950079603691965,0.009596228431185917,0.9961312814662041,0.08735206056181302,-0.998820388003727,0.005390379443720424,0.04825739650599616,0.9246537123696446,-0.13850020522972772,0.5164491514247334,0
0.045719325238363084,-0.08752061143248564,0.9951130015602412,0.009493546415261248,0.9961477370643744,0.08717544676104264,-0.998909213029998,0.005461548865474365,0.046374083363231865,0.9252154639594908,-0.13815434753059355,0.5155842053735715,0
