1.0,0.0,0.0,0.0,1.0,0.0,0.0,0.0,1.0,0.1992,0.0,0.7535000000000001,0
1.0,0.0,0.0,0.0,1.0,0.0,0.0,0.0,1.0,0.1992004429906965,0.0,0.7535002279218073,0
0.9999999999756326,0.0,6.9810356789451725e-06,0.0,1.0,0.0,-6.9810356789451725e-06,0.0,0.9999999999756326,0.19920352613520553,0.0,0.753501814205624,0
0.9999999997252269,0.0,2.3442400335957588e-05,0.0,1.0,0.0,-2.3442400335957588e-05,0.0,0.9999999997252269,0.19921184085384702,0.0,0.7535060920264742,0
0.9999999984716841,0.0,5.528681409355575e-05,0.0,1.0,0.0,-5.528681409355575e-05,0.0,0.9999999984716841,0.19922792582836346,0.0,0.7535143670574261,0
0.9999999942287566,0.0,0.00010743596518739598,0.0,1.0,0.0,-0.00010743596518739598,0.0,0.9999999942287566,0.19925426752512973,0.0,0.7535279173339602,0
0.9999999829414304,0.0,0.00018470825327501474,0.0,1.0,0.0,-0.00018470825327501474,0.0,0.9999999829414304,0.19929330077697224,0.0,0.7535479930041865,0
0.9999999574206893,0.0,0.0002918194986341073,0.0,1.0,0.0,-0.0002918194986341073,0.0,0.9999999574206893,0.1993474094182171,0.0,0.7535758159750979,0
0.9999999060893012,0.0,0.00043338365061494665,0.0,1.0,0.0,-0.00043338365061494665,0.0,0.9999999060893012,0.1994189269684728,0.0,0.753612579463177,0
0.9999998115550927,0.0,0.0006139134948735754,0.0,1.0,0.0,-0.0006139134948735754,0.0,0.9999998115550927,0.1995101373606292,0.0,0.7536594474575491,0
0.9999996490276238,0.0,0.0008378213587626531,0.0,1.0,0.0,-0.0008378213587626531,0.0,0.9999996490276238,0.19962327570862257,0.0,0.7537175541035596,0
0.9999993845936487,0.0,0.00110941981409766,0.0,1.0,0.0,-0.00110941981409766,0.0,0.9999993845936487,0.19976052911057374,0.0,0.7537880030143395,0
0.9999989733662047,0.0,0.001432922376351128,0.0,1.0,0.0,-0.001432922376351128,0.0,0.9999989733662047,0.1999240374829627,0.0,0.7538718665176144,0
0.9999983575216636,0.0,0.0018124441991600236,0.0,1.0,0.0,-0.0018124441991600236,0.0,0.9999983575216636,0.2001158944215525,0.0,0.753970184844704,0
0.999997464238563,0.0,0.0022520027628642604,0.0,1.0,0.0,-0.0022520027628642604,0.0,0.999997464238563,0.20033814808482336,0.0,0.7540839652683593,0
0.9999962035515383,0.0,0.0027555185556303865,0.0,1.0,0.0,-0.0027555185556303865,0.0,0.9999962035515383,0.2005928020957248,0.0,0.7542141811957904,0
0.9999944661331858,0.0,0.003326815745556135,0.0,1.0,0.0,-0.003326815745556135,0.0,0.9999944661331858,0.20088181645760164,0.0,0.7543617712229485,0
0.9999921210162069,0.0,0.003969622842000902,0.0,1.0,0.0,-0.003969622842000902,0.0,0.9999921210162069,0.20120710848019735,0.0,0.7545276381558433,0
0.999989013267717,0.0,0.00468757334424641,0.0,1.0,0.0,-0.00468757334424641,0.0,0.999989013267717,0.2015705537116895,0.0,0.7547126480044073,0
0.9999849616271393,0.0,0.00548420637546231,0.0,1.0,0.0,-0.00548420637546231,0.0,0.9999849616271393,0.20197398687276583,0.0,0.754917628954146,0
0.9999797561186633,0.0,0.006362967299835031,0.0,1.0,0.0,-0.006362967299835031,0.0,0.9999797561186633,0.20241920278880657,0.0,0.7551433703205673,0
0.9999731556488035,0.0,0.007327208320615767,0.0,1.0,0.0,-0.007327208320615767,0.0,0.9999731556488035,0.20290795731630068,0.0,0.7553906214911247,0
0.999964885599176,0.0,0.008380189056756606,0.0,1.0,0.0,-0.008380189056756606,0.0,0.999964885599176,0.20344196825969008,0.0,0.7556600908591808,0
0.9999546354241878,0.0,0.009525077095732817,0.0,1.0,0.0,-0.009525077095732817,0.0,0.9999546354241878,0.20402291627490857,0.0,0.7559524447542653,0
0.9999420562629415,0.0,0.010764948520095659,0.0,1.0,0.0,-0.010764948520095659,0.0,0.9999420562629415,0.20465244575595776,0.0,0.7562683063726829,0
0.9999267585742555,0.0,0.01210278840526352,0.0,1.0,0.0,-0.01210278840526352,0.0,0.9999267585742555,0.2053321657009483,0.0,0.7566082547123264,0
0.999908309803329,0.0,0.01354149128604103,0.0,1.0,0.0,-0.01354149128604103,0.0,0.999908309803329,0.20606365055412176,0.0,0.756972823515343,0
0.9998862320882077,0.0,0.015083861589355518,0.0,1.0,0.0,-0.015083861589355518,0.0,0.9998862320882077,0.2068484410204654,0.0,0.7573625002221276,0
0.9998600000138514,0.0,0.016732614030718598,0.0,1.0,0.0,-0.016732614030718598,0.0,0.9998600000138514,0.20768804484963407,0.0,0.7577777249399303,0
0.9998290384212579,0.0,0.018490373971957352,0.0,1.0,0.0,-0.018490373971957352,0.0,0.9998290384212579,0.20858393758600108,0.0,0.7582188894292102,0
0.9997927202787648,0.0,0.02035967773781488,0.0,1.0,0.0,-0.02035967773781488,0.0,0.9997927202787648,0.20953756328177553,0.0,0.7586863361107041,0
0.9997503646223277,0.0,0.022342972889093215,0.0,1.0,0.0,-0.022342972889093215,0.0,0.9997503646223277,0.21055033517024344,0.0,0.7591803570960429,0
0.9997012345712606,0.0,0.024442618450103024,0.0,1.0,0.0,-0.024442618450103024,0.0,0.9997012345712606,0.21162363629631858,0.0,0.7597011932446093,0
0.9996445354256226,0.0,0.026660885088293597,0.0,1.0,0.0,-0.026660885088293597,0.0,0.9996445354256226,0.21275882010172104,0.0,0.7602490332492072,0
0.9995794128511463,0.0,0.028999955244062542,0.0,1.0,0.0,-0.028999955244062542,0.0,0.9995794128511463,0.21395721096224155,0.0,0.7608240127530022,0
0.9995049511573207,0.0,0.03146192320888764,0.0,1.0,0.0,-0.03146192320888764,0.0,0.9995049511573207,0.21522010467469438,0.0,0.7614262135000834,0
0.99942017167397,0.0,0.034048795150082016,0.0,1.0,0.0,-0.034048795150082016,0.0,0.99942017167397,0.21654876889131294,0.0,0.7620556625219057,0
0.9993240312314096,0.0,0.03676248908064844,0.0,1.0,0.0,-0.03676248908064844,0.0,0.9993240312314096,0.21794444349949696,0.0,0.7627123313617801,0
0.9992154207490052,0.0,0.03960483477289719,0.0,1.0,0.0,-0.03960483477289719,0.0,0.9992154207490052,0.2194083409449835,0.0,0.7633961353395049,0
0.9990931639367198,0.0,0.04257757361469601,0.0,1.0,0.0,-0.04257757361469601,0.0,0.9990931639367198,0.22094164649667794,0.0,0.7641069328581577,0
0.9989560161139902,0.0,0.045682358407435925,0.0,1.0,0.0,-0.045682358407435925,0.0,0.9989560161139902,0.2225455184515545,0.0,0.7648445247550048,0
0.9988026631500524,0.0,0.04892075310502661,0.0,1.0,0.0,-0.04892075310502661,0.0,0.9988026631500524,0.2242210882782086,0.0,0.7656086536984288,0
0.9986317205296047,0.0,0.052294232493474944,0.0,1.0,0.0,-0.052294232493474944,0.0,0.9986317205296047,0.2259694606978252,0.0,0.7663990036327237,0
0.9984417325474839,0.0,0.05580418181085123,0.0,1.0,0.0,-0.05580418181085123,0.0,0.9984417325474839,0.2277917137015094,0.0,0.7672151992725623,0
0.9982311716358178,0.0,0.05945189630770906,0.0,1.0,0.0,-0.05945189630770906,0.0,0.9982311716358178,0.2296888985031124,0.0,0.7680568056489029,0
0.9979984378269044,0.0,0.06323858074829347,0.0,1.0,0.0,-0.06323858074829347,0.0,0.9979984378269044,0.2316620394268768,0.0,0.768923327708064,0
0.9977418583548725,0.0,0.06716534885315079,0.0,1.0,0.0,-0.06716534885315079,0.0,0.9977418583548725,0.2337121337294183,0.0,0.7698142099656695,0
0.9974596873989678,0.0,0.0712332226840359,0.0,1.0,0.0,-0.0712332226840359,0.0,0.9974596873989678,0.23584015135575553,0.0,0.7707288362171326,0
0.9971501059711168,0.0,0.07544313197230461,0.0,1.0,0.0,-0.07544313197230461,0.0,0.9971501059711168,0.23804703462930038,0.0,0.7716665293063284,0
0.9968112219502211,0.0,0.07979591339227227,0.0,1.0,0.0,-0.07979591339227227,0.0,0.9968112219502211,0.24033369787591793,0.0,0.772626550954078,0
0.9964410702654374,0.0,0.08429230978131858,0.0,1.0,0.0,-0.08429230978131858,0.0,0.9964410702654374,0.2427010269823704,0.0,0.773608101648045,0
0.9960376132305027,0.0,0.08893296930882007,0.0,1.0,0.0,-0.08893296930882007,0.0,0.9960376132305027,0.24514987888965994,0.0,0.7746103205956288,0
0.9955987410309695,0.0,0.09371844459629355,0.0,1.0,0.0,-0.09371844459629355,0.0,0.9955987410309695,0.24768108102199068,0.0,0.7756322857414107,0
0.9951222723660124,0.0,0.09864919179143834,0.0,1.0,0.0,-0.09864919179143834,0.0,0.9951222723660124,0.25029543065227466,0.0,0.776673013850696,0
0.994605955246272,0.0,0.10372556959906566,0.0,1.0,0.0,-0.10372556959906566,0.0,0.994605955246272,0.2529936942053114,0.0,0.777731460660665,0
0.9940474679489975,0.0,0.10894783827220697,0.0,1.0,0.0,-0.10894783827220697,0.0,0.9940474679489975,0.25577660649997486,0.0,0.7788065211006283,0
0.9934444201315376,0.0,0.1143161585669893,0.0,1.0,0.0,-0.1143161585669893,0.0,0.9934444201315376,0.25864486993194774,0.0,0.7798970295828475,0
0.9927943541040304,0.0,0.11983059066516008,0.0,1.0,0.0,-0.11983059066516008,0.0,0.9927943541040304,0.2615991535987438,0.0,0.7810017603653593,0
0.992094746261913,0.0,0.1254910930684347,0.0,1.0,0.0,-0.1254910930684347,0.0,0.992094746261913,0.2646400923689636,0.0,0.7821194279882036,0
0.991343008678664,0.0,0.13129752146912108,0.0,1.0,0.0,-0.13129752146912108,0.0,0.991343008678664,0.2677682858979269,0.0,0.7832486877844194,0
0.9905364908589587,0.0,0.13724962760175366,0.0,1.0,0.0,-0.13724962760175366,0.0,0.9905364908589587,0.270984297592025,0.0,0.7843881364671303,0
0.989672481652187,0.0,0.14334705808073503,0.0,1.0,0.0,-0.14334705808073503,0.0,0.989672481652187,0.2742886535243315,0.0,0.7855363127939935,0
0.9887482113260466,0.0,0.14958935322924377,0.0,1.0,0.0,-0.14958935322924377,0.0,0.9887482113260466,0.2776818413042002,0.0,0.7866916983102318,0
0.9877608537996774,0.0,0.1559759459049131,0.0,1.0,0.0,-0.1559759459049131,0.0,0.9877608537996774,0.28116430890377214,0.0,0.787852718171413,0
0.9867075290355509,0.0,0.16250616032802395,0.0,1.0,0.0,-0.16250616032802395,0.0,0.9867075290355509,0.2847364634444946,0.0,0.7890177420470688,0
0.9855853055890713,0.0,0.16917921091817686,0.0,1.0,0.0,-0.16917921091817686,0.0,0.9855853055890713,0.28839866994693775,0.0,0.7901850851061771,0
0.984391203314574,0.0,0.17599420114562064,0.0,1.0,0.0,-0.17599420114562064,0.0,0.984391203314574,0.2921512500473698,0.0,0.7913530090854514,0
0.9831221962261376,0.0,0.1829501224036095,0.0,1.0,0.0,-0.1829501224036095,0.0,0.9831221962261376,0.2959944806847209,0.0,0.7925197234412892,0
0.9817752155113415,0.0,0.1900458529083413,0.0,1.0,0.0,-0.1900458529083413,0.0,0.9817752155113415,0.29992859276173156,0.0,0.7936833865861437,0
0.9803471526958104,0.0,0.19728015663319354,0.0,1.0,0.0,-0.19728015663319354,0.0,0.9803471526958104,0.3039537697842381,0.0,0.7948421072099692,0
0.9788348629560962,0.0,0.20465168228411973,0.0,1.0,0.0,-0.20465168228411973,0.0,0.9788348629560962,0.3080701464826993,0.0,0.7959939456872897,0
0.9772351685781396,0.0,0.2121589623231953,0.0,1.0,0.0,-0.2121589623231953,0.0,0.9772351685781396,0.3122778074202099,0.0,0.7971369155703127,0
0.975544862558246,0.0,0.21980041204741396,0.0,1.0,0.0,-0.21980041204741396,0.0,0.975544862558246,0.31657678559138486,0.0,0.7982689851683858,0
0.9737607123431951,0.0,0.22757432872991915,0.0,1.0,0.0,-0.22757432872991915,0.0,0.9737607123431951,0.3209670610166225,0.0,0.7993880792139546,0
0.971879463705781,0.0,0.2354788908309266,0.0,1.0,0.0,-0.2354788908309266,0.0,0.971879463705781,0.3254485593363721,0.0,0.8004920806150387,0
0.9698978447517522,0.0,0.24351215728563927,0.0,1.0,0.0,-0.24351215728563927,0.0,0.9698978447517522,0.3300211504101441,0.0,0.8015788322940864,0
0.9678125700537903,0.0,0.25167206687647553,0.0,1.0,0.0,-0.25167206687647553,0.0,0.9678125700537903,0.3346846469250908,0.0,0.8026461391129074,0
0.9656203449078312,0.0,0.25995643769693605,0.0,1.0,0.0,-0.25995643769693605,0.0,0.9656203449078312,0.3394388030190806,0.0,0.8036917698832164,0
0.9633178697066925,0.0,0.26836296671441057,0.0,1.0,0.0,-0.26836296671441057,0.0,0.9633178697066925,0.34428331292326186,0.0,0.8047134594621406,0
0.9609018444256311,0.0,0.2768892294391753,0.0,1.0,0.0,-0.2768892294391753,0.0,0.9609018444256311,0.34921780962917476,0.0,0.8057089109318586,0
0.9583689732141137,0.0,0.28553267970676377,0.0,1.0,0.0,-0.28553267970676377,0.0,0.9583689732141137,0.35424186358552634,0.0,0.8066757978623527,0
0.9557159690877388,0.0,0.29429064958079154,0.0,1.0,0.0,-0.29429064958079154,0.0,0.9557159690877388,0.3593549814297797,0.0,0.8076117666560493,0
0.9529395587139078,0.0,0.30316034938319797,0.0,1.0,0.0,-0.30316034938319797,0.0,0.9529395587139078,0.36455660475973806,0.0,0.8085144389729269,0
0.9500364872845042,0.0,0.31213886785871464,0.0,1.0,0.0,-0.31213886785871464,0.0,0.9500364872845042,0.3698461089503159,0.0,0.8093814142344523,0
0.9470035234685017,0.0,0.321223172480198,0.0,1.0,0.0,-0.321223172480198,0.0,0.9470035234685017,0.3752228020206885,0.0,0.8102102722044989,0
0.9438374644370893,0.0,0.3304101099012653,0.0,1.0,0.0,-0.3304101099012653,0.0,0.9438374644370893,0.380685923556999,0.0,0.8109985756451721,0
0.9405351409535767,0.0,0.3396964065624416,0.0,1.0,0.0,-0.3396964065624416,0.0,0.9405351409535767,0.38623464369576954,0.0,0.8117438730452512,0
0.9370934225200203,0.0,0.34907866945677857,0.0,1.0,0.0,-0.34907866945677857,0.0,0.9370934225200203,0.391868062173121,0.0,0.8124437014187228,0
0.9335092225722007,0.0,0.3585533870606238,0.0,1.0,0.0,-0.3585533870606238,0.0,0.9335092225722007,0.3975852074448446,0.0,0.813095589170657,0
0.9297795037142804,0.0,0.3681169304349183,0.0,1.0,0.0,-0.3681169304349183,0.0,0.9297795037142804,0.40338503588229646,0.0,0.813697059027441,0
0.9259012829841752,0.0,0.37776555450207244,0.0,1.0,0.0,-0.37776555450207244,0.0,0.9259012829841752,0.40926643104899424,0.0,0.8142456310281567,0
0.9218716371404019,0.0,0.3874953995031105,0.0,1.0,0.0,-0.3874953995031105,0.0,0.9218716371404019,0.4152282030626867,0.0,0.8147388255736531,0
0.9176877079608914,0.0,0.3973024926394065,0.0,1.0,0.0,-0.3973024926394065,0.0,0.9176877079608914,0.4212690880475515,0.0,0.8151741665296333,0
0.9133467075440146,0.0,0.4071827499029254,0.0,1.0,0.0,-0.4071827499029254,0.0,0.9133467075440146,0.4273877476810314,0.0,0.8155491843798489,0
0.9088459236018301,0.0,0.41713197809846264,0.0,1.0,0.0,-0.41713197809846264,0.0,0.9088459236018301,0.43358276883967106,0.0,0.8158614194252602,0
0.9041827247353525,0.0,0.4271458770609329,0.0,1.0,0.0,-0.4271458770609329,0.0,0.9041827247353525,0.4398526633481453,0.0,0.8161084250248054,0
0.8993545656814435,0.0,0.4372200420702855,0.0,1.0,0.0,-0.4372200420702855,0.0,0.8993545656814435,0.44619586783548437,0.0,0.816287770873194,0
0.894358992520754,0.0,0.4473499664661459,0.0,1.0,0.0,-0.4473499664661459,0.0,0.894358992520754,0.45261074370230153,0.0,0.8163970463109328,0
0.8891936478359987,0.0,0.45753104446377163,0.0,1.0,0.0,-0.45753104446377163,0.0,0.8891936478359987,0.45909557720261407,0.0,0.8164338636615802,0
0.8838562758097089,0.0,0.4677585741723947,0.0,1.0,0.0,-0.4677585741723947,0.0,0.8838562758097089,0.4656485796436168,0.0,0.8163958615910288,0
0.8783447272505158,0.0,0.47802776081647913,0.0,1.0,0.0,-0.47802776081647913,0.0,0.8783447272505158,0.47226788770652217,0.0,0.8162807084834205,0
0.8726569645369355,0.0,0.4883337201598735,0.0,1.0,0.0,-0.4883337201598735,0.0,0.8726569645369355,0.4789515638913226,0.0,0.8160861058281194,0
0.8667910664675783,0.0,0.4986714821322733,0.0,1.0,0.0,-0.4986714821322733,0.0,0.8667910664675783,0.4856975970880575,0.0,0.8158097916119964,0
0.8607452330066857,0.0,0.5090359946568281,0.0,1.0,0.0,-0.5090359946568281,0.0,0.8607452330066857,0.4925039032768809,0.0,0.815449543711116,0
0.8545177899139067,0.0,0.5194221276771451,0.0,1.0,0.0,-0.5194221276771451,0.0,0.8545177899139067,0.4993683263589286,0.0,0.8150031832757714,0
0.8481071932472639,0.0,0.5298246773813468,0.0,1.0,0.0,-0.5298246773813468,0.0,0.8481071932472639,0.5062886391196717,0.0,0.8144685781026777,0
0.8415120337283315,0.0,0.540238370620236,0.0,1.0,0.0,-0.540238370620236,0.0,0.8415120337283315,0.5132625443261234,0.0,0.8138436459880118,0
0.8347310409587445,0.0,0.5506578695160278,0.0,1.0,0.0,-0.5506578695160278,0.0,0.8347310409587445,0.520287675958936,0.0,0.8131263580548846,0
0.8277630874773013,0.0,0.561077776257486,0.0,1.0,0.0,-0.561077776257486,0.0,0.8277630874773013,0.5273616005800779,0.0,0.8123147420487387,0
0.820607192647076,0.0,0.5714926380767164,0.0,1.0,0.0,-0.5714926380767164,0.0,0.820607192647076,0.534481818836442,0.0,0.8114068855940919,0
0.8132625263621709,0.0,0.5818969524022439,0.0,1.0,0.0,-0.5818969524022439,0.0,0.8132625263621709,0.5416457670993677,0.0,0.8104009394059943,0
0.8057284125639588,0.0,0.5922851721824235,0.0,1.0,0.0,-0.5922851721824235,0.0,0.8057284125639588,0.5488508192397066,0.0,0.8092951204495239,0
0.798004332556944,0.0,0.6026517113726189,0.0,1.0,0.0,-0.6026517113726189,0.0,0.798004332556944,0.5560942885376838,0.0,0.808087715040628,0
0.7900899281146588,0.0,0.6129909505790222,0.0,1.0,0.0,-0.6129909505790222,0.0,0.7900899281146588,0.563373429726443,0.0,0.8067770818816212,0
0.781985004366354,0.0,0.623297242851397,0.0,1.0,0.0,-0.623297242851397,0.0,0.781985004366354,0.5706854411677793,0.0,0.8053616550246614,0
0.773689532455603,0.0,0.633564919616475,0.0,1.0,0.0,-0.633564919616475,0.0,0.773689532455603,0.5780274671581926,0.0,0.8038399467565742,0
0.7652036519623369,0.0,0.6437882967431939,0.0,1.0,0.0,-0.6437882967431939,0.0,0.7652036519623369,0.5853966003630121,0.0,0.8022105503984472,0
0.7565276730802599,0.0,0.6539616807304288,0.0,1.0,0.0,-0.6539616807304288,0.0,0.7565276730802599,0.5927898843759625,0.0,0.8004721430135008,0
0.7476620785420507,0.0,0.664079375007371,0.0,1.0,0.0,-0.664079375007371,0.0,0.7476620785420507,0.6002043164011764,0.0,0.7986234880168394,0
0.7386075252852483,0.0,0.6741356863362161,0.0,1.0,0.0,-0.6741356863362161,0.0,0.7386075252852483,0.6076368500542715,0.0,0.7966634376808104,0
0.7293648458522416,0.0,0.684124931306363,0.0,1.0,0.0,-0.684124931306363,0.0,0.7293648458522416,0.6150843982787505,0.0,0.7945909355298405,0
0.7199350495183197,0.0,0.6940414429088905,0.0,1.0,0.0,-0.6940414429088905,0.0,0.7199350495183197,0.6225438363736219,0.0,0.792405018618777,0
0.7103193231423287,0.0,0.7038795771796651,0.0,1.0,0.0,-0.7038795771796651,0.0,0.7103193231423287,0.6300120051277736,0.0,0.7901048196889535,0
0.700519031735059,0.0,0.7136337198990637,0.0,1.0,0.0,-0.7136337198990637,0.0,0.700519031735059,0.6374857140562991,0.0,0.7876895691963937,0
0.6905357187411288,0.0,0.7232982933359324,0.0,1.0,0.0,-0.7232982933359324,0.0,0.6905357187411288,0.6449617447336231,0.0,0.7851585972067983,0
0.6803711060307516,0.0,0.7328677630231062,0.0,1.0,0.0,-0.7328677630231062,0.0,0.6803711060307516,0.6524368542179637,0.0,0.7825113351521948,0
0.6700270935984575,0.0,0.742336644551516,0.0,1.0,0.0,-0.742336644551516,0.0,0.6700270935984575,0.6599077785613386,0.0,0.7797473174444018,0
0.6595057589665021,0.0,0.751699510369681,0.0,1.0,0.0,-0.751699510369681,0.0,0.6595057589665021,0.6673712363990381,0.0,0.776866182940728,0
0.6488093562914037,0.0,0.7609509965751634,0.0,1.0,0.0,-0.7609509965751634,0.0,0.6488093562914037,0.6748239326121865,0.0,0.773867676257633,0
0.6379403151727517,0.0,0.7700858096844079,0.0,1.0,0.0,-0.7700858096844079,0.0,0.6379403151727517,0.6822625620567614,0.0,0.7707516489283889,0
0.6269012391641546,0.0,0.7790987333672462,0.0,1.0,0.0,-0.7790987333672462,0.0,0.6269012391641546,0.6896838133521705,0.0,0.7675180604011073,0
0.615694903986921,0.0,0.7879846351322697,0.0,1.0,0.0,-0.7879846351322697,0.0,0.615694903986921,0.6970843727222664,0.0,0.7641669788738495,0
0.6043242554478078,0.0,0.7967384729492186,0.0,1.0,0.0,-0.7967384729492186,0.0,0.6043242554478078,0.7044609278814535,0.0,0.760698581963893,0
0.5927924070629059,0.0,0.8053553017945347,0.0,1.0,0.0,-0.8053553017945347,0.0,0.5927924070629059,0.7118101719583547,0.0,0.7571131572085977,0
0.5811026373904804,0.0,0.8138302801062565,0.0,1.0,0.0,-0.8138302801062565,0.0,0.5811026373904804,0.7191288074493218,0.0,0.7534111023957074,0
0.5692583870763105,0.0,0.8221586761345266,0.0,1.0,0.0,-0.8221586761345266,0.0,0.5692583870763105,0.7264135501939357,0.0,0.7495929257213044,0
0.5572632556158332,0.0,0.8303358741740854,0.0,1.0,0.0,-0.8303358741740854,0.0,0.5572632556158332,0.7336611333644931,0.0,0.7456592457740534,0
0.5451209978381041,0.0,0.8383573806653042,0.0,1.0,0.0,-0.8383573806653042,0.0,0.5451209978381041,0.740868311461387,0.0,0.7416107913447703,0
0.5328355201173223,0.0,0.8462188301505129,0.0,1.0,0.0,-0.8462188301505129,0.0,0.5328355201173223,0.7480318643061954,0.0,0.7374484010607784,0
0.5204108763183763,0.0,0.8539159910726227,0.0,1.0,0.0,-0.8539159910726227,0.0,0.5204108763183763,0.7551486010242361,0.0,0.7331730228449339,0
0.5078512634835618,0.0,0.8614447714033384,0.0,1.0,0.0,-0.8614447714033384,0.0,0.5078512634835618,0.7622153640083102,0.0,0.7287857131996311,0
0.4951610172683065,0.0,0.8688012240885805,0.0,1.0,0.0,-0.8688012240885805,0.0,0.4951610172683065,0.7692290328553464,0.0,0.7242876363165275,0
0.48234460713439464,0.0,0.8759815522991147,0.0,1.0,0.0,-0.8759815522991147,0.0,0.48234460713439464,0.7761865282676736,0.0,0.719680063013159,0
0.4694066313098251,0.0,0.8829821144747848,0.0,1.0,0.0,-0.8829821144747848,0.0,0.4694066313098251,0.7830848159106927,0.0,0.7149643694980453,0
0.45635181152506366,0.0,0.8897994291511951,0.0,1.0,0.0,-0.8897994291511951,0.0,0.45635181152506366,0.7899209102187703,0.0,0.7101420359663129,0
0.4431849875360192,0.0,0.8964301795581732,0.0,1.0,0.0,-0.8964301795581732,0.0,0.4431849875360192,0.7966918781412864,0.0,0.7052146450282839,0
0.429911111444659,0.0,0.9028712179798501,0.0,1.0,0.0,-0.9028712179798501,0.0,0.429911111444659,0.8033948428208633,0.0,0.7001838799739021,0
0.41653524182869417,0.0,0.9091195698667537,0.0,1.0,0.0,-0.9091195698667537,0.0,0.41653524182869417,0.8100269871959531,0.0,0.6950515228762727,0
0.40306253769227873,0.0,0.9151724376908761,0.0,1.0,0.0,-0.9151724376908761,0.0,0.40306253769227873,0.8165855575201189,0.0,0.6898194525380018,0
0.3894982522501188,0.0,0.9210272045352964,0.0,1.0,0.0,-0.9210272045352964,0.0,0.3894982522501188,0.8230678667905296,0.0,0.6844896422844069,0
0.37584772655783105,0.0,0.9266814374105644,0.0,1.0,0.0,-0.9266814374105644,0.0,0.37584772655783105,0.8294712980783989,0.0,0.6790641576080589,0
0.3621163830017734,0.0,0.9321328902907101,0.0,1.0,0.0,-0.9321328902907101,0.0,0.3621163830017734,0.8357933077543285,0.0,0.6735451536694813,0
0.3483097186619313,0.0,0.9373795068624268,0.0,1.0,0.0,-0.9373795068624268,0.0,0.3483097186619313,0.8420314286017618,0.0,0.6679348726591882,0
0.3344332985617451,0.0,0.9424194229816736,0.0,1.0,0.0,-0.9424194229816736,0.0,0.3344332985617451,0.8481832728120402,0.0,0.6622356410265822,0
0.32049274881906475,0.0,0.9472509688326531,0.0,1.0,0.0,-0.9472509688326531,0.0,0.32049274881906475,0.85424653485482,0.0,0.6564498665815649,0
0.3064937497125918,0.0,0.9518726707848667,0.0,1.0,0.0,-0.9518726707848667,0.0,0.3064937497125918,0.8602189942179539,0.0,0.6505800354749969,0
0.2924420286784468,0.0,0.9562832529446673,0.0,1.0,0.0,-0.9562832529446673,0.0,0.2924420286784468,0.8660985180112188,0.0,0.6446287090644703,0
0.2783433532515317,0.0,0.9604816383985136,0.0,1.0,0.0,-0.9604816383985136,0.0,0.2783433532515317,0.8718830634286716,0.0,0.6385985206720786,0
0.26420352396656055,0.0,0.964466950145857,0.0,1.0,0.0,-0.964466950145857,0.0,0.26420352396656055,0.8775706800647176,0.0,0.6324921722411548,0
0.250028367233614,0.0,0.9682385117203782,0.0,1.0,0.0,-0.9682385117203782,0.0,0.250028367233614,0.8831595120793831,0.0,0.626312430899153,0
0.2358237282031257,0.0,0.9717958474990405,0.0,1.0,0.0,-0.9717958474990405,0.0,0.2358237282031257,0.8886478002086535,0.0,0.6200621254340607,0
0.22159546363515625,0.0,0.9751386826991943,0.0,1.0,0.0,-0.9751386826991943,0.0,0.22159546363515625,0.8940338836161299,0.0,0.6137441426919089,0
0.20734943478772827,0.0,0.9782669430647289,0.0,1.0,0.0,-0.9782669430647289,0.0,0.20734943478772827,0.8993162015826686,0.0,0.6073614239030998,0
0.19309150033890854,0.0,0.9811807542430036,0.0,1.0,0.0,-0.9811807542430036,0.0,0.19309150033890854,0.9044932950310649,0.0,0.6009169609454208,0
0.17882750935710356,0.0,0.9838804408550538,0.0,1.0,0.0,-0.9838804408550538,0.0,0.17882750935710356,0.9095638078832788,0.0,0.5944137925517,0
0.1645632943338854,0.0,0.9863665252622774,0.0,1.0,0.0,-0.9863665252622774,0.0,0.1645632943338854,0.9145264882481015,0.0,0.5878550004701678,0
0.1503046642933763,0.0,0.9886397260335311,0.0,1.0,0.0,-0.9886397260335311,0.0,0.1503046642933763,0.9193801894376055,0.0,0.5812437055856309,0
0.13605739799195193,0.0,0.9907009561172633,0.0,1.0,0.0,-0.9907009561172633,0.0,0.13605739799195193,0.924123870811133,0.0,0.5745830640096128,0
0.12182723722168398,0.0,0.9925513207239873,0.0,1.0,0.0,-0.9925513207239873,0.0,0.12182723722168398,0.9287565984460209,0.0,0.5678762631476164,0
0.10761988023060687,0.0,0.994192114925053,0.0,1.0,0.0,-0.994192114925053,0.0,0.10761988023060687,0.9332775456346643,0.0,0.5611265177516669,0
0.09344097527244255,0.0,0.995624820974314,0.0,1.0,0.0,-0.995624820974314,0.0,0.09344097527244255,0.9376859932079724,0.0,0.5543370659662301,0
0.07929611429802974,0.0,0.9968511053598896,0.0,1.0,0.0,-0.9968511053598896,0.0,0.07929611429802974,0.9419813296856718,0.0,0.5475111653755653,0
0.0651908268002157,0.0,0.9978728155938031,0.0,1.0,0.0,-0.9978728155938031,0.0,0.0651908268002157,0.9461630512543235,0.0,0.5406520890604692,0
0.051130573823462866,0.0,0.9986919767478276,0.0,1.0,0.0,-0.9986919767478276,0.0,0.051130573823462866,0.9502307615743486,0.0,0.5337631216722651,0
0.037120742148918695,0.0,0.9993107877443901,0.0,1.0,0.0,-0.9993107877443901,0.0,0.037120742148918695,0.9541841714177317,0.0,0.5268475555317621,0
0.023166638665117256,0.0,0.9997316174118731,0.0,1.0,0.0,-0.9997316174118731,0.0,0.023166638665117256,0.9580230981384807,0.0,0.5199086867607496,0
0.009273484933914666,0.0,0.9999570003141037,0.0,1.0,0.0,-0.9999570003141037,0.0,0.009273484933914666,0.9617474649782916,0.0,0.5129498114534218,0
-0.004553588039317713,0.0,0.9999896323642402,0.0,1.0,0.0,-0.9999896323642402,0.0,-0.004553588039317713,0.9653573002102285,0.0,0.5059742218949403,0
-0.01830954482290381,0.0,0.9998323662336492,0.0,1.0,0.0,-0.9998323662336492,0.0,-0.01830954482290381,0.9688527361236068,0.0,0.49898520283410547,0
-0.0319894503556899,0.0,0.9994882065667112,0.0,1.0,0.0,-0.9994882065667112,0.0,-0.0319894503556899,0.9722340078535756,0.0,0.491986027816905,0
-0.04558847451642767,0.0,0.9989603050127993,0.0,1.0,0.0,-0.9989603050127993,0.0,-0.04558847451642767,0.9755014520592458,0.0,0.4849799555874347,0
-0.05910189645927666,0.0,0.9982519550869494,0.0,1.0,0.0,-0.9982519550869494,0.0,-0.05910189645927666,0.978655505454513,0.0,0.4779702265624324,0
-0.07252510870969253,0.0,0.9973665868709696,0.0,1.0,0.0,-0.9973665868709696,0.0,-0.07252510870969253,0.9816967031960118,0.0,0.4709600593853746,0
-0.08585362101562977,0.0,0.996307761566929,0.0,1.0,0.0,-0.996307761566929,0.0,-0.08585362101562977,0.9846256771329207,0.0,0.46395264756580096,0
-0.09908306394968602,0.0,0.9950791659151258,0.0,1.0,0.0,-0.9950791659151258,0.0,-0.09908306394968602,0.9874431539235893,0.0,0.4569511562092197,0
-0.11220919225853865,0.0,0.9936846064887421,0.0,1.0,0.0,-0.9936846064887421,0.0,-0.11220919225853865,0.9901499530242079,0.0,0.44995871884261,0
-0.12522788795665285,0.0,0.9921280038774816,0.0,1.0,0.0,-0.9921280038774816,0.0,-0.12522788795665285,0.9927469845549428,0.0,0.44297843434024076,0
-0.1381351631620027,0.0,0.9904133867725168,0.0,1.0,0.0,-0.9904133867725168,0.0,-0.1381351631620027,0.9952352470491783,0.0,0.43601336395415313,0
-0.15092716267221373,0.0,0.988544885965081,0.0,1.0,0.0,-0.988544885965081,0.0,-0.15092716267221373,0.9976158250916816,0.0,0.42906652845331367,0
-0.16360016628018093,0.0,0.986526728271007,0.0,1.0,0.0,-0.986526728271007,0.0,-0.16360016628018093,0.9998898868516584,0.0,0.4221409053751139,0
-0.1761505908289671,0.0,0.9843632303934385,0.0,1.0,0.0,-0.9843632303934385,0.0,-0.1761505908289671,1.0020586815168264,0.0,0.4152394263924923,0
-0.18857499200637529,0.0,0.9820587927358502,0.0,1.0,0.0,-0.9820587927358502,0.0,-0.18857499200637529,1.004123536634733,0.0,0.4083649747996336,0
-0.2008700658803131,0.0,0.9796178931773545,0.0,1.0,0.0,-0.9796178931773545,0.0,-0.2008700658803131,1.0060858553676635,0.0,0.4015203831187938,0
-0.21303265017664574,0.0,0.977045080822126,0.0,1.0,0.0,-0.977045080822126,0.0,-0.21303265017664574,1.0079471136675555,0.0,0.39470843083046686,0
-0.22505972530190488,0.0,0.9743449697345551,0.0,1.0,0.0,-0.9743449697345551,0.0,-0.22505972530190488,1.0097088573773967,0.0,0.38793184222871835,0
-0.23694841511380993,0.0,0.9715222326715193,0.0,1.0,0.0,-0.9715222326715193,0.0,-0.23694841511380993,1.01137269926563,0.0,0.38119328440314787,0
-0.24869598744314114,0.0,0.9685815948229044,0.0,1.0,0.0,-0.9685815948229044,0.0,-0.24869598744314114,1.0129403160001074,0.0,0.3744953653485913,0
-0.2602998543710662,0.0,0.9655278275712211,0.0,1.0,0.0,-0.9655278275712211,0.0,-0.2602998543710662,1.0144134450681357,0.0,0.36784063220330165,0
-0.27175757226663455,0.0,0.9623657422808363,0.0,1.0,0.0,-0.9623657422808363,0.0,-0.27175757226663455,1.0157938816491552,0.0,0.36123156961596986,0
-0.2830668415895341,0.0,0.9591001841270419,0.0,1.0,0.0,-0.9591001841270419,0.0,-0.2830668415895341,1.017083475446536,0.0,0.35467059824166297,0
-0.29422550646388146,0.0,0.9557360259747837,0.0,1.0,0.0,-0.9557360259747837,0.0,-0.29422550646388146,1.018284127484955,0.0,0.3481600733663183,0
-0.3052315540291408,0.0,0.9522781623165343,0.0,1.0,0.0,-0.9522781623165343,0.0,-0.3052315540291408,1.0193977868797255,0.0,0.3417022836591822,0
-0.3160831135748077,0.0,0.9487315032783802,0.0,1.0,0.0,-0.9487315032783802,0.0,-0.3160831135748077,1.0204264475843896,0.0,0.335299450052195,0
-0.32677845546586504,0.0,0.9451009687029972,0.0,1.0,0.0,-0.9451009687029972,0.0,-0.32677845546586504,1.0213721451227729,0.0,0.3289537247450401,0
-0.3373159898664362,0.0,0.9413914823177583,0.0,1.0,0.0,-0.9413914823177583,0.0,-0.3373159898664362,1.022236953311592,0.0,0.32266719033424746,0
-0.3476942652694235,0.0,0.9376079659957864,0.0,1.0,0.0,-0.9376079659957864,0.0,-0.3476942652694235,1.023022980979594,0.0,0.31644185906444844,0
-0.35791196684023485,0.0,0.9337553341173236,0.0,1.0,0.0,-0.9337553341173236,0.0,-0.35791196684023485,1.023732368689048,0.0,0.3102796721996046,0
-0.36796791458304323,0.0,0.9298384880383292,0.0,1.0,0.0,-0.9298384880383292,0.0,-0.36796791458304323,1.0243672854652774,0.0,0.30418249951174225,0
-0.377861061338282,0.0,0.9258623106727626,0.0,1.0,0.0,-0.9258623106727626,0.0,-0.377861061338282,1.0249299255397601,0.0,0.2981521388844744,0
-0.3875904906203238,0.0,0.9218316611945462,0.0,1.0,0.0,-0.9218316611945462,0.0,-0.3875904906203238,1.025422505112143,0.0,0.29219031602834755,0
-0.39715541430452284,0.0,0.9177513698647378,0.0,1.0,0.0,-0.9177513698647378,0.0,-0.39715541430452284,1.0258472591363548,0.0,0.2862986843048153,0
-0.4065551701730141,0.0,0.9136262329889567,0.0,1.0,0.0,-0.9136262329889567,0.0,-0.4065551701730141,1.0262064381358023,0.0,0.2804788246554027,0
-0.41578921932874935,0.0,0.9094610080096832,0.0,1.0,0.0,-0.9094610080096832,0.0,-0.41578921932874935,1.0265023050524518,0.0,0.27473224563247745,0
-0.42485714348751413,0.0,0.9052604087375244,0.0,1.0,0.0,-0.9052604087375244,0.0,-0.42485714348751413,1.0267371321343892,0.0,0.2690603835277643,0
-0.43375864215760473,0.0,0.9010291007251603,0.0,1.0,0.0,-0.9010291007251603,0.0,-0.43375864215760473,1.026913197866256,0.0,0.26346460259468424,0
-0.4424935297171275,0.0,0.8967716967871352,0.0,1.0,0.0,-0.8967716967871352,0.0,-0.4424935297171275,1.0270327839467448,0.0,0.2579461953603061,0
-0.4510617323987307,0.0,0.8924927526683093,0.0,1.0,0.0,-0.8924927526683093,0.0,-0.4510617323987307,1.0270981723171277,0.0,0.2525063830226868,0
-0.4594632851917757,0.0,0.8881967628632639,0.0,1.0,0.0,-0.8881967628632639,0.0,-0.4594632851917757,1.0271116422445756,0.0,0.24714631592914393,0
-0.46769832867184036,0.0,0.8838881565885851,0.0,1.0,0.0,-0.8838881565885851,0.0,-0.46769832867184036,1.0270754674638105,0.0,0.2418670741309621,0
-0.47576710576746906,0.0,0.879571293909508,0.0,1.0,0.0,-0.879571293909508,0.0,-0.47576710576746906,1.0269919133804206,0.0,0.23666966800991018,0
-0.48366995847406447,0.0,0.8752504620219842,0.0,1.0,0.0,-0.8752504620219842,0.0,-0.48366995847406447,1.0268632343389394,0.0,0.23155503897184992,0
-0.4914073245246817,0.0,0.8709298716908808,0.0,1.0,0.0,-0.8709298716908808,0.0,-0.4914073245246817,1.026691670958589,0.0,0.2265240602026879,0
-0.49897973402741846,0.0,0.8666136538446222,0.0,1.0,0.0,-0.8666136538446222,0.0,-0.49897973402741846,1.0264794475393615,0.0,0.22157753748185416,0
-0.5063878060790254,0.0,0.8623058563262058,0.0,1.0,0.0,-0.8623058563262058,0.0,-0.5063878060790254,1.0262287695409054,0.0,0.21671621004843356,0
-0.5136322453641395,0.0,0.8580104408002227,0.0,1.0,0.0,-0.8580104408002227,0.0,-0.5136322453641395,1.0259418211364733,0.0,0.21194075151509795,0
-0.5207138387494674,0.0,0.8537312798151382,0.0,1.0,0.0,-0.8537312798151382,0.0,-0.5207138387494674,1.025620762843979,0.0,0.20725177082493973,0
-0.5276334518820125,0.0,0.8494721540198196,0.0,1.0,0.0,-0.8494721540198196,0.0,-0.5276334518820125,1.0252677292360184,0.0,0.20264981324634768,0
-0.5343920258003099,0.0,0.8452367495329584,0.0,1.0,0.0,-0.8452367495329584,0.0,-0.5343920258003099,1.0248848267304933,0.0,0.19813536140104693,0
-0.5409905735673488,0.0,0.8410286554638141,0.0,1.0,0.0,-0.8410286554638141,0.0,-0.5409905735673488,1.0244741314633095,0.0,0.19370883632050828,0
-0.5474301769337249,0.0,0.8368513615823965,0.0,1.0,0.0,-0.8368513615823965,0.0,-0.5474301769337249,1.024037687244408,0.0,0.18937059852592641,0
-0.5537119830392552,0.0,0.8327082561370073,0.0,1.0,0.0,-0.8327082561370073,0.0,-0.5537119830392552,1.023577503598226,0.0,0.185120949127064,0
-0.5598372011610828,0.0,0.828602623816824,0.0,1.0,0.0,-0.828602623816824,0.0,-0.5598372011610828,1.0230955538894981,0.0,0.18096013093530816,0
-0.5658070995160132,0.0,0.8245376438570141,0.0,1.0,0.0,-0.8245376438570141,0.0,-0.5658070995160132,1.0225937735351476,0.0,0.17688832958637501,0
-0.571623002124543,0.0,0.8205163882836983,0.0,1.0,0.0,-0.8205163882836983,0.0,-0.571623002124543,1.022074058302842,0.0,0.17290567466819573,0
-0.5772862857438166,0.0,0.8165418202958796,0.0,1.0,0.0,-0.8165418202958796,0.0,-0.5772862857438166,1.021538262696649,0.0,0.169012240849584,0
-0.5827983768763247,0.0,0.8126167927813955,0.0,1.0,0.0,-0.8126167927813955,0.0,-0.5827983768763247,1.0209881984300668,0.0,0.1652080490054726,0
-0.5881607488610159,0.0,0.8087440469637158,0.0,1.0,0.0,-0.8087440469637158,0.0,-0.5881607488610159,1.0204256329865657,0.0,0.16149306733452995,0
-0.59337491905301,0.0,0.8049262111764245,0.0,1.0,0.0,-0.8049262111764245,0.0,-0.59337491905301,1.0198522882676448,0.0,0.15786721246520397,0
-0.5984424460979507,0.0,0.8011657997620101,0.0,1.0,0.0,-0.8011657997620101,0.0,-0.5984424460979507,1.0192698393282769,0.0,0.15433035054626965,0
-0.6033649273065667,0.0,0.7974652120916258,0.0,1.0,0.0,-0.7974652120916258,0.0,-0.6033649273065667,1.0186799131994904,0.0,0.15088229831819866,0
-0.6081439961347543,0.0,0.7938267317023606,0.0,1.0,0.0,-0.7938267317023606,0.0,-0.6081439961347543,1.0180840877977362,0.0,0.14752282416176699,0
-0.6127813197741425,0.0,0.7902525255485491,0.0,1.0,0.0,-0.7902525255485491,0.0,-0.6127813197741425,1.0174838909205628,0.0,0.1442516491204966,0
-0.6172785968577534,0.0,0.7867446433636032,0.0,1.0,0.0,-0.7867446433636032,0.0,-0.6172785968577534,1.0168807993280284,0.0,0.14106844789368178,0
-0.6216375552850324,0.0,0.7833050171288628,0.0,1.0,0.0,-0.7833050171288628,0.0,-0.6216375552850324,1.0162762379091892,0.0,0.13797284979693514,0
-0.6258599501701587,0.0,0.7799354606459477,0.0,1.0,0.0,-0.7799354606459477,0.0,-0.6258599501701587,1.0156715789329063,0.0,0.1349644396873626,0
-0.629947561917227,0.0,0.7766376692090987,0.0,1.0,0.0,-0.7766376692090987,0.0,-0.629947561917227,1.0150681413821259,0.0,0.1320427588506382,0
-0.6339021944254744,0.0,0.7734132193740731,0.0,1.0,0.0,-0.7734132193740731,0.0,-0.6339021944254744,1.0144671903707252,0.0,0.12920730584748896,0
-0.6377256734274925,0.0,0.7702635688200833,0.0,1.0,0.0,-0.7702635688200833,0.0,-0.6377256734274925,1.013869936641917,0.0,0.12645753731718512,0
-0.6414198449628297,0.0,0.7671900563014744,0.0,1.0,0.0,-0.7671900563014744,0.0,-0.6414198449628297,1.0132775361471638,0.0,0.12379286873596818,0
-0.6449865739892233,0.0,0.7641939016857201,0.0,1.0,0.0,-0.7641939016857201,0.0,-0.6449865739892233,1.0126910897044594,0.0,0.1212126751283934,0
-0.6484277431331993,0.0,0.7612762060745009,0.0,1.0,0.0,-0.7612762060745009,0.0,-0.6484277431331993,1.0121116427347934,0.0,0.11871629172986842,0
-0.6517452515814925,0.0,0.7584379520046297,0.0,1.0,0.0,-0.7584379520046297,0.0,-0.6517452515814925,1.0115401850755446,0.0,0.11630301459881487,0
-0.6549410141143708,0.0,0.7556800037256773,0.0,1.0,0.0,-0.7556800037256773,0.0,-0.6549410141143708,1.0109776508694908,0.0,0.11397210117708567,0
-0.6580169602815751,0.0,0.7530031075512212,0.0,1.0,0.0,-0.7530031075512212,0.0,-0.6580169602815751,1.0104249185280707,0.0,0.11172277079748028,0
-0.6609750337212539,0.0,0.7504078922807165,0.0,1.0,0.0,-0.7504078922807165,0.0,-0.6609750337212539,1.0098828107674775,0.0,0.10955420513738723,0
-0.663817191621896,0.0,0.7478948696890619,0.0,1.0,0.0,-0.7478948696890619,0.0,-0.663817191621896,1.0093520947161065,0.0,0.10746554861779012,0
-0.6665454043269508,0.0,0.7454644350809916,0.0,1.0,0.0,-0.7454644350809916,0.0,-0.6665454043269508,1.0088334820918292,0.0,0.10545590874704791,0
-0.6691616550813877,0.0,0.7431168679075572,0.0,1.0,0.0,-0.7431168679075572,0.0,-0.6691616550813877,1.0083276294475156,0.0,0.10352435640911828,0
-0.6716679399192675,0.0,0.7408523324419025,0.0,1.0,0.0,-0.7408523324419025,0.0,-0.6716679399192675,1.0078351384831503,0.0,0.10166992609596492,0
-0.6740662676908085,0.0,0.7386708785117926,0.0,1.0,0.0,-0.7386708785117926,0.0,-0.6740662676908085,1.0073565564228681,0.0,0.09989161608425456,0
-0.6763586602273568,0.0,0.7365724422861983,0.0,1.0,0.0,-0.7365724422861983,0.0,-0.6763586602273568,1.006892376455131,0.0,0.09818838855644574,0
-0.6785471526421021,0.0,0.7345568471134795,0.0,1.0,0.0,-0.7345568471134795,0.0,-0.6785471526421021,1.0064430382342442,0.0,0.09655916966672307,0
-0.6806337937641831,0.0,0.7326238044086306,0.0,1.0,0.0,-0.7326238044086306,0.0,-0.6806337937641831,1.0060089284413207,0.0,0.09500284955230553,0
-0.6826206467034326,0.0,0.7307729145871428,0.0,1.0,0.0,-0.7307729145871428,0.0,-0.6826206467034326,1.0055903814027396,0.0,0.0935182822908831,0
-0.6845097895426933,0.0,0.7290036680430476,0.0,1.0,0.0,-0.7290036680430476,0.0,-0.6845097895426933,1.0051876797640744,0.0,0.09210428580509966,0
-0.6863033161543277,0.0,0.7273154461686984,0.0,1.0,0.0,-0.7273154461686984,0.0,-0.6863033161543277,1.004801055217381,0.0,0.09075964171515172,0
-0.688003337137167,0.0,0.7257075224139004,0.0,1.0,0.0,-0.7257075224139004,0.0,-0.688003337137167,1.004430689279655,0.0,0.0894830951407789,0
-0.6896119808698775,0.0,0.7241790633819261,0.0,1.0,0.0,-0.7241790633819261,0.0,-0.6896119808698775,1.0040767141201798,0.0,0.08827335445403794,0
-0.6911313946764275,0.0,0.7227291299599155,0.0,1.0,0.0,-0.7227291299599155,0.0,-0.6911313946764275,1.0037392134343701,0.0,0.08712909098439059,0
-0.6925637460988763,0.0,0.7213566784812429,0.0,1.0,0.0,-0.7213566784812429,0.0,-0.6925637460988763,1.0034182233616562,0.0,0.08604893867788921,0
-0.6939112242726513,0.0,0.720060561917142,0.0,1.0,0.0,-0.720060561917142,0.0,-0.6939112242726513,1.0031137334447777,0.0,0.08503149371220076,0
-0.6951760413988768,0.0,0.7188395310950748,0.0,1.0,0.0,-0.7188395310950748,0.0,-0.6951760413988768,1.0028256876278117,0.0,0.08407531406955904,0
-0.6963604343083256,0.0,0.71769223594095,0.0,1.0,0.0,-0.71769223594095,0.0,-0.6963604343083256,1.0025539852900516,0.0,0.08317891906963637,0
-0.6974666661109739,0.0,0.7166172267424522,0.0,1.0,0.0,-0.7166172267424522,0.0,-0.6974666661109739,1.0022984823128032,0.0,0.08234078886466267,0
-0.6984970279251135,0.0,0.7156129554303663,0.0,1.0,0.0,-0.7156129554303663,0.0,-0.6984970279251135,1.0020589921759382,0.0,0.08155936389903706,0
-0.6994538406794604,0.0,0.714677776874832,0.0,1.0,0.0,-0.714677776874832,0.0,-0.6994538406794604,1.001835287080964,0.0,0.08083304433595029,0
-0.7003394569816477,0.0,0.7138099501930824,0.0,1.0,0.0,-0.7138099501930824,0.0,-0.7003394569816477,1.001627099097144,0.0,0.08016018945345704,0
-0.7011562630459465,0.0,0.7130076400652685,0.0,1.0,0.0,-0.7130076400652685,0.0,-0.7011562630459465,1.0014341213270934,0.0,0.07953911701273852,0
-0.7019066806731058,0.0,0.7122689180544541,0.0,1.0,0.0,-0.7122689180544541,0.0,-0.7019066806731058,1.0012560090880283,0.0,0.07896810260111775,0
